8, 60
50, 79
60, 8
79, 50
112, 151
151, 112
248, 302
257, 281
281, 257
302, 248
312, 345
312, 347
345, 312
345, 347
347, 312
347, 345
351, 378
367, 382
378, 351
380, 395
382, 367
395, 380
412, 465
418, 467
465, 412
467, 418
517, 546
533, 540
540, 533
546, 517
624, 656
633, 689
656, 624
689, 633
714, 767
716, 732
716, 783
720, 761
728, 738
732, 716
738, 728
747, 763
761, 720
763, 747
767, 714
772, 774
774, 772
776, 785
783, 716
785, 776
811, 872
815, 906
823, 826
826, 823
829, 842
842, 829
843, 849
849, 843
872, 811
906, 815
933, 993
987, 1008
993, 933
1008, 987
1021, 1085
1057, 1086
1085, 1021
1086, 1057
1118, 1134
1122, 1205
1134, 1118
1205, 1122
1213, 1290
1215, 1246
1220, 1262
1230, 1311
1246, 1215
1253, 1265
1262, 1220
1265, 1253
1290, 1213
1311, 1230
1331, 1411
1337, 1396
1339, 1348
1348, 1339
1360, 1369
1369, 1360
1396, 1337
1411, 1331
1418, 1473
1419, 1486
1420, 1483
1422, 1461
1433, 1482
1436, 1447
1436, 1456
1438, 1444
1444, 1438
1447, 1436
1456, 1436
1461, 1422
1473, 1418
1482, 1433
1483, 1420
1486, 1419
1546, 1549
1549, 1546
1559, 1576
1576, 1559
1624, 1689
1678, 1683
1683, 1678
1689, 1624
1723, 1808
1724, 1767
1729, 1760
1730, 1792
1760, 1729
1767, 1724
1792, 1730
1808, 1723
1823, 1832
1831, 1890
1832, 1823
1864, 1916
1872, 1874
1874, 1872
1890, 1831
1916, 1864
1932, 1998
1949, 2012
1958, 1986
1966, 1996
1986, 1958
1996, 1966
1997, 2016
1998, 1932
2012, 1949
2016, 1997
2022, 2109
2039, 2097
2097, 2039
2109, 2022
2126, 2200
2181, 2213
2200, 2126
2213, 2181
2242, 2322
2275, 2281
2281, 2275
2322, 2242
2377, 2413
2391, 2419
2395, 2402
2402, 2395
2413, 2377
2419, 2391
2455, 2459
2459, 2455
2543, 2567
2557, 2591
2559, 2577
2567, 2543
2574, 2597
2577, 2559
2591, 2557
2597, 2574
2632, 2714
2633, 2637
2637, 2633
2637, 2648
2648, 2637
2658, 2692
2659, 2676
2676, 2659
2692, 2658
2714, 2632
2756, 2804
2804, 2756
2812, 2826
2826, 2812
2829, 2900
2857, 2898
2898, 2857
2900, 2829
2907, 2925
2925, 2907
2936, 2976
2940, 2962
2943, 2974
2959, 3022
2962, 2940
2974, 2943
2976, 2936
3022, 2959
3033, 3061
3061, 3033
3142, 3162
3145, 3210
3162, 3142
3191, 3209
3209, 3191
3210, 3145
3240, 3293
3288, 3329
3291, 3332
3293, 3240
3329, 3288
3332, 3291
3343, 3391
3345, 3411
3360, 3368
3368, 3360
3374, 3393
3381, 3428
3391, 3343
3393, 3374
3411, 3345
3428, 3381
3541, 3616
3547, 3578
3547, 3631
3556, 3581
3560, 3586
3578, 3547
3578, 3631
3581, 3556
3586, 3560
3616, 3541
3631, 3547
3631, 3578
3640, 3689
3643, 3666
3666, 3643
3673, 3694
3689, 3640
3694, 3673
3751, 3758
3758, 3751
3783, 3809
3786, 3800
3800, 3786
3809, 3783
3845, 3905
3852, 3897
3897, 3852
3905, 3845
3942, 3987
3987, 3942
4010, 4031
4031, 4010
4050, 4093
4078, 4090
4090, 4078
4093, 4050
4097, 4100
4100, 4097
4142, 4146
4146, 4142
4155, 4190
4190, 4155
4193, 4195
4195, 4193
4249, 4297
4265, 4289
4266, 4294
4269, 4309
4289, 4265
4294, 4266
4297, 4249
4309, 4269
4354, 4420
4393, 4444
4420, 4354
4444, 4393
4449, 4493
4487, 4517
4493, 4449
4494, 4500
4500, 4494
4517, 4487
4531, 4534
4534, 4531
4546, 4598
4556, 4624
4568, 4645
4598, 4546
4604, 4614
4614, 4604
4624, 4556
4645, 4568
4652, 4731
4653, 4745
4731, 4652
4745, 4653
4755, 4824
4756, 4806
4758, 4799
4762, 4844
4799, 4758
4806, 4756
4824, 4755
4828, 4838
4838, 4828
4844, 4762
4860, 4946
4861, 4902
4900, 4916
4902, 4861
4916, 4900
4928, 4944
4944, 4928
4946, 4860
4956, 5014
4973, 5035
4992, 5020
4994, 5013
5011, 5050
5013, 4994
5014, 4956
5020, 4992
5035, 4973
5050, 5011
5090, 5121
5121, 5090
5160, 5215
5163, 5198
5171, 5209
5198, 5163
5209, 5171
5215, 5160
5253, 5344
5261, 5279
5261, 5309
5264, 5346
5279, 5261
5279, 5309
5309, 5261
5309, 5279
5344, 5253
5346, 5264
5356, 5421
5375, 5413
5386, 5400
5389, 5451
5400, 5386
5407, 5418
5413, 5375
5415, 5454
5418, 5407
5421, 5356
5437, 5449
5449, 5437
5451, 5389
5454, 5415
5463, 5533
5474, 5508
5482, 5500
5500, 5482
5508, 5474
5533, 5463
5567, 5653
5568, 5576
5568, 5616
5569, 5619
5576, 5568
5576, 5616
5596, 5611
5602, 5647
5611, 5596
5616, 5568
5616, 5576
5619, 5569
5647, 5602
5653, 5567
5667, 5720
5674, 5752
5694, 5750
5697, 5735
5711, 5727
5720, 5667
5727, 5711
5735, 5697
5750, 5694
5752, 5674
5794, 5805
5796, 5809
5802, 5832
5805, 5794
5809, 5796
5832, 5802
5866, 5913
5874, 5907
5877, 5955
5889, 5926
5907, 5874
5913, 5866
5926, 5889
5955, 5877
5970, 5972
5970, 6012
5972, 5970
6012, 5970
6042, 6053
6053, 6042
6063, 6065
6065, 6063
6068, 6099
6069, 6087
6075, 6094
6079, 6091
6087, 6069
6091, 6079
6094, 6075
6099, 6068
6119, 6124
6124, 6119
6177, 6207
6188, 6197
6197, 6188
6207, 6177
6210, 6226
6223, 6254
6226, 6210
6254, 6223
6275, 6334
6297, 6312
6300, 6316
6312, 6297
6316, 6300
6334, 6275
6346, 6349
6349, 6346
6386, 6446
6432, 6439
6439, 6432
6446, 6386
6499, 6561
6561, 6499
6577, 6621
6592, 6638
6596, 6625
6621, 6577
6625, 6596
6627, 6632
6632, 6627
6637, 6640
6638, 6592
6640, 6637
6675, 6739
6679, 6716
6704, 6765
6707, 6749
6707, 6764
6716, 6679
6725, 6759
6739, 6675
6749, 6707
6749, 6764
6759, 6725
6764, 6707
6764, 6749
6765, 6704
6781, 6868
6787, 6808
6808, 6787
6821, 6843
6822, 6859
6843, 6821
6859, 6822
6868, 6781
6915, 6928
6924, 6955
6927, 6960
6928, 6915
6955, 6924
6960, 6927
6970, 6991
6991, 6970
6996, 7011
6996, 7041
6996, 7052
7003, 7004
7004, 7003
7007, 7049
7011, 6996
7011, 7041
7022, 7033
7025, 7028
7028, 7025
7033, 7022
7040, 7045
7041, 6996
7041, 7011
7045, 7040
7049, 7007
7052, 6996
7103, 7133
7108, 7162
7110, 7124
7124, 7110
7133, 7103
7138, 7146
7146, 7138
7162, 7108
7195, 7232
7232, 7195
7321, 7324
7324, 7321
7377, 7465
7394, 7395
7395, 7394
7403, 7467
7414, 7448
7448, 7414
7462, 7463
7463, 7462
7465, 7377
7467, 7403
7482, 7495
7495, 7482
7496, 7573
7573, 7496
7588, 7596
7596, 7588
7603, 7648
7617, 7643
7643, 7617
7648, 7603
7648, 7649
7649, 7648
7695, 7751
7719, 7722
7722, 7719
7751, 7695
7788, 7850
7826, 7870
7850, 7788
7870, 7826
7919, 7921
7921, 7919
7990, 7991
7991, 7990
8035, 8039
8039, 8035
8092, 8118
8118, 8092
8122, 8129
8129, 8122
8164, 8167
8167, 8164
8319, 8346
8346, 8319
8347, 8365
8365, 8347
8413, 8433
8418, 8421
8421, 8418
8424, 8444
8433, 8413
8444, 8424
8446, 8459
8459, 8446
8594, 8599
8599, 8594
8605, 8628
8608, 8616
8614, 8634
8616, 8608
8616, 8632
8628, 8605
8632, 8616
8634, 8614
8695, 8783
8696, 8758
8758, 8696
8783, 8695
8788, 8833
8792, 8834
8799, 8854
8816, 8850
8829, 8832
8832, 8829
8833, 8788
8834, 8792
8850, 8816
8854, 8799
8897, 8902
8902, 8897
8997, 9048
9008, 9031
9011, 9056
9012, 9018
9016, 9039
9018, 9012
9029, 9072
9030, 9035
9031, 9008
9035, 9030
9039, 9016
9048, 8997
9056, 9011
9072, 9029
9200, 9269
9219, 9235
9235, 9219
9236, 9265
9238, 9266
9265, 9236
9266, 9238
9269, 9200
9297, 9305
9305, 9297
9325, 9326
9326, 9325
9330, 9391
9391, 9330
9400, 9491
9415, 9454
9415, 9487
9423, 9453
9453, 9423
9454, 9415
9460, 9470
9470, 9460
9487, 9415
9491, 9400
9516, 9573
9533, 9534
9534, 9533
9555, 9559
9559, 9555
9573, 9516
9599, 9651
9619, 9694
9637, 9693
9639, 9640
9640, 9639
9651, 9599
9654, 9656
9656, 9654
9672, 9687
9687, 9672
9693, 9637
9694, 9619
9707, 9758
9723, 9726
9726, 9723
9729, 9768
9736, 9795
9758, 9707
9764, 9772
9768, 9729
9772, 9764
9795, 9736
9828, 9895
9833, 9869
9845, 9876
9856, 9891
9869, 9833
9875, 9896
9876, 9845
9891, 9856
9895, 9828
9896, 9875
9910, 9939
9925, 9977
9939, 9910
9939, 9958
9958, 9939
9977, 9925
9985, 9987
9987, 9985
10010, 10016
10016, 10010
10134, 10177
10145, 10176
10161, 10182
10176, 10145
10177, 10134
10182, 10161
10210, 10261
10231, 10234
10234, 10231
10261, 10210
10265, 10273
10273, 10265
10283, 10285
10285, 10283
10285, 10291
10291, 10285
10303, 10342
10315, 10340
10330, 10337
10337, 10330
10340, 10315
10342, 10303
10356, 10370
10370, 10356
10414, 10436
10436, 10414
10441, 10475
10441, 10496
10471, 10497
10475, 10441
10496, 10441
10497, 10471
10505, 10560
10511, 10526
10511, 10559
10526, 10511
10526, 10559
10559, 10511
10559, 10526
10560, 10505
10612, 10703
10646, 10654
10654, 10646
10655, 10665
10665, 10655
10703, 10612
10744, 10804
10804, 10744
10829, 10899
10852, 10890
10859, 10867
10867, 10859
10890, 10852
10899, 10829
10922, 10978
10937, 11001
10953, 10954
10953, 10956
10954, 10953
10956, 10953
10978, 10922
11001, 10937
11010, 11101
11030, 11033
11033, 11030
11040, 11084
11084, 11040
11101, 11010
11186, 11210
11191, 11198
11198, 11191
11210, 11186
11222, 11233
11233, 11222
11238, 11280
11258, 11289
11280, 11238
11289, 11258
11295, 11298
11298, 11295
11355, 11395
11395, 11355
11414, 11424
11424, 11414
11435, 11455
11452, 11510
11455, 11435
11482, 11507
11507, 11482
11510, 11452
11535, 11582
11550, 11615
11567, 11581
11581, 11567
11582, 11535
11615, 11550
11622, 11638
11635, 11684
11638, 11622
11639, 11712
11668, 11682
11682, 11668
11684, 11635
11712, 11639
11719, 11738
11727, 11760
11737, 11744
11738, 11719
11744, 11737
11759, 11799
11760, 11727
11791, 11814
11799, 11759
11814, 11791
11826, 11878
11829, 11900
11878, 11826
11878, 11912
11900, 11829
11912, 11878
11928, 11985
11931, 11953
11931, 12019
11953, 11931
11953, 12019
11956, 11970
11970, 11956
11971, 11977
11977, 11971
11985, 11928
12019, 11931
12019, 11953
12060, 12087
12064, 12068
12068, 12064
12071, 12080
12080, 12071
12087, 12060
12230, 12300
12246, 12247
12246, 12287
12247, 12246
12247, 12287
12249, 12322
12263, 12282
12282, 12263
12287, 12246
12287, 12247
12300, 12230
12322, 12249
12383, 12401
12401, 12383
12435, 12464
12435, 12508
12448, 12523
12457, 12486
12464, 12435
12481, 12497
12486, 12457
12497, 12481
12508, 12435
12523, 12448
12532, 12567
12535, 12574
12553, 12595
12567, 12532
12574, 12535
12575, 12624
12584, 12594
12594, 12584
12595, 12553
12604, 12623
12623, 12604
12624, 12575
12630, 12656
12640, 12722
12641, 12702
12656, 12630
12675, 12688
12675, 12723
12677, 12692
12688, 12675
12688, 12723
12692, 12677
12702, 12641
12703, 12726
12722, 12640
12723, 12675
12723, 12688
12726, 12703
12746, 12754
12754, 12746
12830, 12842
12838, 12844
12842, 12830
12844, 12838
12845, 12865
12849, 12877
12858, 12862
12862, 12858
12865, 12845
12877, 12849
12879, 12925
12925, 12879
12929, 13006
12942, 12973
12945, 12980
12946, 12952
12952, 12946
12970, 12996
12973, 12942
12974, 13011
12976, 12978
12978, 12976
12980, 12945
12986, 13021
12996, 12970
13006, 12929
13011, 12974
13021, 12986
13039, 13104
13039, 13122
13101, 13127
13104, 13039
13104, 13122
13116, 13119
13119, 13116
13122, 13039
13122, 13104
13127, 13101
13131, 13195
13163, 13182
13175, 13200
13182, 13163
13191, 13207
13195, 13131
13200, 13175
13207, 13191
13213, 13231
13231, 13213
13236, 13283
13245, 13268
13264, 13289
13268, 13245
13277, 13329
13282, 13297
13283, 13236
13289, 13264
13297, 13282
13329, 13277
13339, 13433
13376, 13396
13378, 13397
13396, 13376
13397, 13378
13413, 13418
13418, 13413
13433, 13339
13442, 13479
13444, 13501
13445, 13486
13458, 13466
13458, 13475
13460, 13525
13466, 13458
13466, 13475
13475, 13458
13475, 13466
13479, 13442
13485, 13493
13486, 13445
13493, 13485
13501, 13444
13525, 13460
13539, 13561
13556, 13606
13561, 13539
13569, 13633
13576, 13589
13581, 13632
13589, 13576
13606, 13556
13620, 13622
13622, 13620
13632, 13581
13633, 13569
13658, 13663
13663, 13658
13666, 13718
13672, 13683
13683, 13672
13718, 13666
13744, 13801
13790, 13792
13792, 13790
13801, 13744
13845, 13854
13846, 13895
13850, 13864
13854, 13845
13864, 13850
13871, 13885
13885, 13871
13895, 13846
13931, 13936
13936, 13931
13951, 13965
13965, 13951
13979, 13980
13980, 13979
13986, 14016
13987, 13988
13988, 13987
13993, 14021
14012, 14037
14016, 13986
14021, 13993
14037, 14012
14142, 14210
14144, 14195
14155, 14177
14177, 14155
14195, 14144
14195, 14205
14200, 14237
14205, 14195
14210, 14142
14237, 14200
14245, 14254
14249, 14279
14254, 14245
14257, 14286
14279, 14249
14286, 14257
14322, 14329
14329, 14322
14355, 14360
14360, 14355
14455, 14514
14465, 14481
14478, 14487
14481, 14465
14487, 14478
14514, 14455
14559, 14627
14570, 14644
14584, 14633
14589, 14629
14618, 14641
14627, 14559
14629, 14589
14633, 14584
14641, 14618
14644, 14570
14652, 14695
14663, 14730
14689, 14694
14694, 14689
14695, 14652
14730, 14663
14753, 14818
14754, 14782
14782, 14754
14805, 14822
14807, 14841
14818, 14753
14822, 14805
14841, 14807
14863, 14892
14890, 14919
14892, 14863
14919, 14890
14919, 14924
14924, 14919
14960, 15000
14960, 15003
14972, 15049
15000, 14960
15000, 15003
15003, 14960
15003, 15000
15020, 15023
15023, 15020
15024, 15047
15040, 15042
15042, 15040
15047, 15024
15049, 14972
15056, 15126
15067, 15073
15073, 15067
15083, 15094
15094, 15083
15126, 15056
15180, 15183
15183, 15180
15205, 15214
15214, 15205
15260, 15286
15281, 15345
15286, 15260
15295, 15306
15306, 15295
15334, 15344
15344, 15334
15345, 15281
15353, 15435
15359, 15411
15362, 15397
15366, 15408
15397, 15362
15408, 15366
15411, 15359
15424, 15430
15430, 15424
15435, 15353
15480, 15530
15486, 15487
15487, 15486
15489, 15536
15491, 15552
15500, 15554
15530, 15480
15536, 15489
15552, 15491
15554, 15500
15564, 15565
15565, 15564
15581, 15614
15592, 15629
15614, 15581
15629, 15592
15660, 15704
15691, 15750
15693, 15740
15704, 15660
15740, 15693
15750, 15691
15767, 15834
15775, 15813
15775, 15854
15787, 15811
15791, 15810
15792, 15813
15810, 15791
15811, 15787
15813, 15775
15813, 15792
15813, 15854
15834, 15767
15854, 15775
15854, 15813
15905, 15955
15955, 15905
15993, 15999
15996, 16020
15999, 15993
16005, 16025
16010, 16036
16016, 16033
16020, 15996
16025, 16005
16033, 16016
16036, 16010
16063, 16095
16086, 16134
16095, 16063
16134, 16086
16161, 16215
16173, 16202
16202, 16173
16213, 16240
16214, 16250
16215, 16161
16236, 16242
16240, 16213
16242, 16236
16250, 16214
16280, 16355
16285, 16316
16303, 16311
16303, 16337
16311, 16303
16311, 16337
16316, 16285
16331, 16340
16337, 16303
16337, 16311
16340, 16331
16355, 16280
16393, 16406
16406, 16393
16412, 16418
16418, 16412
16441, 16455
16455, 16441
16465, 16553
16509, 16557
16527, 16539
16539, 16527
16553, 16465
16557, 16509
16579, 16628
16628, 16579
16681, 16713
16686, 16758
16694, 16761
16698, 16699
16699, 16698
16704, 16736
16713, 16681
16736, 16704
16758, 16686
16761, 16694
16782, 16840
16810, 16815
16815, 16810
16840, 16782
16893, 16898
16898, 16893
16915, 16946
16931, 16941
16941, 16931
16946, 16915
16972, 17036
16975, 17008
16982, 17047
17003, 17060
17008, 16975
17018, 17044
17036, 16972
17044, 17018
17047, 16982
17060, 17003
17084, 17094
17094, 17084
17095, 17108
17108, 17095
17180, 17239
17182, 17205
17182, 17235
17200, 17242
17204, 17219
17205, 17182
17219, 17204
17228, 17240
17235, 17182
17239, 17180
17240, 17228
17242, 17200
17281, 17348
17283, 17335
17292, 17369
17300, 17348
17335, 17283
17348, 17281
17348, 17300
17369, 17292
17403, 17446
17430, 17470
17446, 17403
17470, 17430
17477, 17488
17484, 17534
17488, 17477
17492, 17520
17493, 17536
17509, 17556
17520, 17492
17534, 17484
17536, 17493
17556, 17509
17585, 17590
17586, 17608
17587, 17617
17590, 17585
17603, 17638
17608, 17586
17617, 17587
17638, 17603
17688, 17721
17720, 17754
17721, 17688
17754, 17720
17779, 17811
17811, 17779
17921, 17941
17941, 17921
17951, 17960
17952, 17975
17955, 17978
17959, 17964
17960, 17951
17964, 17959
17975, 17952
17978, 17955
17985, 18053
18012, 18014
18014, 18012
18020, 18056
18028, 18033
18033, 18028
18039, 18055
18053, 17985
18055, 18039
18056, 18020
18116, 18142
18131, 18147
18142, 18116
18147, 18131
18203, 18263
18206, 18280
18239, 18274
18263, 18203
18274, 18239
18280, 18206
18298, 18341
18328, 18346
18328, 18349
18341, 18298
18343, 18364
18346, 18328
18346, 18349
18349, 18328
18349, 18346
18364, 18343
18393, 18459
18394, 18395
18395, 18394
18459, 18393
18528, 18533
18528, 18581
18533, 18528
18538, 18551
18551, 18538
18581, 18528
18596, 18645
18611, 18646
18620, 18645
18643, 18676
18645, 18596
18645, 18620
18646, 18611
18676, 18643
18696, 18734
18702, 18713
18713, 18702
18725, 18756
18734, 18696
18756, 18725
18766, 18776
18776, 18766
18787, 18816
18794, 18820
18816, 18787
18819, 18829
18820, 18794
18829, 18819
18862, 18884
18884, 18862
18890, 18962
18915, 18966
18962, 18890
18963, 18986
18966, 18915
18986, 18963
18999, 19055
19015, 19088
19055, 18999
19078, 19087
19087, 19078
19088, 19015
19094, 19123
19096, 19103
19103, 19096
19123, 19094
19133, 19189
19134, 19147
19135, 19165
19138, 19163
19147, 19134
19163, 19138
19165, 19135
19181, 19182
19182, 19181
19189, 19133
19208, 19249
19249, 19208
19299, 19345
19325, 19334
19332, 19335
19332, 19365
19334, 19325
19335, 19332
19335, 19365
19337, 19392
19345, 19299
19346, 19353
19353, 19346
19365, 19332
19365, 19335
19392, 19337
19396, 19460
19399, 19459
19459, 19399
19460, 19396
19494, 19506
19503, 19519
19505, 19514
19506, 19494
19514, 19505
19515, 19543
19517, 19591
19519, 19503
19528, 19587
19543, 19515
19573, 19589
19587, 19528
19589, 19573
19591, 19517
19599, 19640
19606, 19648
19631, 19638
19638, 19631
19640, 19599
19641, 19672
19643, 19653
19648, 19606
19653, 19643
19657, 19686
19672, 19641
19686, 19657
19762, 19763
19762, 19766
19763, 19762
19763, 19766
19766, 19762
19766, 19763
19799, 19875
19805, 19839
19807, 19857
19807, 19858
19820, 19894
19836, 19864
19839, 19805
19840, 19879
19857, 19807
19858, 19807
19864, 19836
19875, 19799
19879, 19840
19894, 19820
19914, 19991
19991, 19914
20025, 20071
20033, 20048
20048, 20033
20050, 20097
20071, 20025
20079, 20084
20084, 20079
20097, 20050
20134, 20152
20152, 20134
20192, 20193
20193, 20192
20220, 20275
20221, 20246
20224, 20240
20233, 20277
20240, 20224
20246, 20221
20275, 20220
20277, 20233
20313, 20399
20314, 20335
20322, 20402
20332, 20362
20335, 20314
20359, 20373
20362, 20332
20373, 20359
20379, 20393
20393, 20379
20399, 20313
20402, 20322
20413, 20438
20438, 20413
20443, 20463
20463, 20443
20505, 20587
20535, 20569
20569, 20535
20587, 20505
20626, 20649
20645, 20666
20647, 20681
20649, 20626
20666, 20645
20673, 20703
20681, 20647
20703, 20673
20713, 20759
20713, 20799
20722, 20782
20734, 20740
20740, 20734
20747, 20779
20759, 20713
20779, 20747
20782, 20722
20789, 20795
20795, 20789
20799, 20713
20817, 20856
20819, 20858
20856, 20817
20858, 20819
20928, 20990
20938, 20940
20940, 20938
20990, 20928
21056, 21061
21061, 21056
21075, 21076
21076, 21075
21110, 21179
21126, 21153
21144, 21184
21153, 21126
21155, 21210
21179, 21110
21184, 21144
21210, 21155
21220, 21269
21222, 21263
21263, 21222
21269, 21220
21274, 21275
21275, 21274
21324, 21405
21338, 21384
21355, 21374
21365, 21379
21374, 21355
21379, 21365
21384, 21338
21385, 21412
21405, 21324
21412, 21385
21467, 21476
21476, 21467
21502, 21503
21503, 21502
21535, 21608
21608, 21535
21621, 21650
21634, 21661
21648, 21653
21650, 21621
21653, 21648
21661, 21634
21736, 21780
21754, 21777
21777, 21754
21780, 21736
21828, 21884
21834, 21881
21845, 21869
21869, 21845
21881, 21834
21884, 21828
21891, 21917
21917, 21891
21918, 21988
21925, 21962
21929, 21951
21951, 21929
21962, 21925
21964, 21994
21988, 21918
21994, 21964
22030, 22081
22040, 22085
22052, 22054
22054, 22052
22055, 22075
22075, 22055
22081, 22030
22085, 22040
22113, 22118
22116, 22118
22118, 22113
22118, 22116
22138, 22163
22140, 22150
22150, 22140
22161, 22186
22163, 22138
22186, 22161
22224, 22232
22225, 22297
22232, 22224
22233, 22275
22235, 22313
22254, 22314
22275, 22233
22297, 22225
22313, 22235
22314, 22254
22329, 22360
22349, 22376
22356, 22386
22360, 22329
22361, 22393
22370, 22416
22376, 22349
22380, 22397
22386, 22356
22393, 22361
22397, 22380
22416, 22370
22430, 22434
22434, 22430
22455, 22479
22458, 22499
22479, 22455
22499, 22458
22505, 22519
22519, 22505
22533, 22576
22533, 22623
22559, 22585
22564, 22591
22576, 22533
22576, 22623
22585, 22559
22591, 22564
22623, 22533
22623, 22576
22641, 22667
22653, 22684
22667, 22641
22669, 22699
22671, 22703
22684, 22653
22699, 22669
22703, 22671
22706, 22714
22714, 22706
22731, 22794
22737, 22746
22741, 22751
22746, 22737
22751, 22741
22757, 22791
22758, 22769
22767, 22817
22769, 22758
22786, 22808
22791, 22757
22794, 22731
22802, 22823
22808, 22786
22817, 22767
22823, 22802
