4, 78
5, 98
7, 55
7, 80
8, 60
12, 18
18, 12
47, 85
50, 79
55, 7
55, 80
60, 8
69, 99
78, 4
79, 50
80, 7
80, 55
85, 47
87, 90
90, 87
98, 5
99, 69
108, 142
112, 151
118, 136
122, 162
129, 199
135, 200
136, 118
137, 179
139, 195
142, 108
150, 165
151, 112
162, 122
165, 150
179, 137
195, 139
199, 129
200, 135
221, 285
228, 239
229, 303
230, 273
230, 291
231, 282
235, 243
238, 248
238, 287
238, 302
239, 228
243, 235
248, 238
248, 302
257, 281
264, 278
273, 230
273, 291
278, 264
281, 257
282, 231
285, 221
285, 301
287, 238
291, 230
291, 273
301, 285
302, 238
302, 248
303, 229
304, 321
309, 357
312, 345
312, 347
312, 362
313, 370
321, 304
324, 362
325, 380
325, 395
326, 334
331, 377
334, 326
338, 342
342, 338
345, 312
345, 347
345, 353
345, 362
347, 312
347, 345
347, 353
347, 362
351, 378
353, 345
353, 347
357, 309
358, 386
362, 312
362, 324
362, 345
362, 347
367, 382
370, 313
377, 331
378, 351
380, 325
380, 395
382, 367
386, 358
395, 325
395, 380
405, 444
408, 423
409, 474
412, 417
412, 465
417, 412
418, 467
423, 408
435, 466
444, 405
447, 449
449, 447
450, 476
453, 505
465, 412
466, 435
467, 418
473, 482
474, 409
476, 450
478, 487
482, 473
483, 498
487, 478
498, 483
505, 453
516, 566
517, 546
523, 567
524, 602
526, 584
528, 590
533, 540
538, 597
539, 551
540, 533
542, 579
546, 517
551, 539
566, 516
567, 523
579, 542
584, 526
590, 528
597, 538
602, 524
607, 658
611, 681
617, 677
621, 670
621, 698
624, 642
624, 656
633, 689
642, 624
642, 656
647, 648
648, 647
656, 624
656, 642
658, 607
665, 667
667, 665
670, 621
670, 698
677, 617
681, 611
689, 633
698, 621
698, 670
708, 778
714, 767
716, 732
716, 783
717, 733
719, 737
720, 761
720, 775
720, 799
727, 744
728, 738
732, 716
732, 783
733, 717
737, 719
738, 728
744, 727
747, 763
761, 720
761, 775
761, 799
763, 747
767, 714
772, 774
774, 772
775, 720
775, 761
776, 785
778, 708
782, 807
783, 716
783, 732
785, 776
799, 720
799, 761
807, 782
811, 872
815, 906
819, 844
819, 886
822, 901
823, 826
824, 887
826, 823
829, 842
831, 850
831, 857
842, 829
843, 849
844, 819
844, 886
849, 843
850, 831
850, 857
854, 870
857, 831
857, 850
870, 854
872, 811
886, 819
886, 844
887, 824
890, 897
897, 890
901, 822
906, 815
919, 963
926, 980
927, 928
928, 927
933, 993
935, 988
942, 956
956, 942
963, 919
973, 981
980, 926
981, 973
987, 1008
988, 935
993, 933
1008, 987
1011, 1033
1014, 1018
1018, 1014
1020, 1069
1021, 1085
1032, 1104
1033, 1011
1043, 1044
1043, 1103
1044, 1043
1057, 1086
1059, 1104
1068, 1107
1069, 1020
1072, 1082
1082, 1072
1085, 1021
1086, 1057
1086, 1087
1087, 1086
1103, 1043
1104, 1032
1104, 1059
1107, 1068
1112, 1164
1118, 1134
1122, 1205
1124, 1127
1127, 1124
1128, 1174
1134, 1118
1147, 1186
1148, 1181
1164, 1112
1174, 1128
1181, 1148
1186, 1147
1205, 1122
1213, 1290
1213, 1310
1215, 1246
1216, 1309
1220, 1262
1222, 1229
1224, 1289
1225, 1304
1225, 1310
1226, 1274
1229, 1222
1230, 1311
1242, 1246
1246, 1215
1246, 1242
1253, 1265
1255, 1271
1262, 1220
1265, 1253
1271, 1255
1274, 1226
1284, 1292
1287, 1312
1289, 1224
1289, 1313
1290, 1213
1292, 1284
1304, 1225
1309, 1216
1310, 1213
1310, 1225
1311, 1230
1312, 1287
1313, 1289
1314, 1325
1318, 1406
1320, 1340
1321, 1398
1325, 1314
1326, 1382
1326, 1409
1331, 1411
1334, 1407
1336, 1360
1336, 1369
1337, 1396
1338, 1410
1339, 1348
1340, 1320
1348, 1339
1354, 1380
1354, 1392
1356, 1359
1359, 1356
1360, 1336
1360, 1369
1362, 1410
1369, 1336
1369, 1360
1373, 1378
1375, 1380
1378, 1373
1380, 1354
1380, 1375
1382, 1326
1382, 1409
1392, 1354
1396, 1337
1398, 1321
1406, 1318
1407, 1334
1409, 1326
1409, 1382
1410, 1338
1410, 1362
1411, 1331
1415, 1461
1418, 1473
1419, 1486
1420, 1483
1422, 1461
1426, 1443
1433, 1482
1435, 1492
1436, 1447
1436, 1456
1438, 1444
1438, 1493
1443, 1426
1444, 1438
1444, 1493
1447, 1436
1447, 1456
1450, 1452
1452, 1450
1456, 1436
1456, 1447
1461, 1415
1461, 1422
1462, 1472
1466, 1475
1472, 1462
1473, 1418
1474, 1478
1475, 1466
1478, 1474
1482, 1433
1483, 1420
1486, 1419
1492, 1435
1493, 1438
1493, 1444
1500, 1503
1503, 1500
1519, 1569
1520, 1563
1525, 1538
1527, 1561
1528, 1592
1532, 1589
1534, 1568
1536, 1559
1536, 1576
1538, 1525
1545, 1548
1546, 1549
1548, 1545
1549, 1546
1551, 1587
1553, 1615
1559, 1536
1559, 1576
1561, 1527
1563, 1520
1567, 1570
1568, 1534
1569, 1519
1570, 1567
1576, 1536
1576, 1559
1583, 1615
1587, 1551
1588, 1594
1589, 1532
1591, 1612
1592, 1528
1594, 1588
1599, 1603
1603, 1599
1612, 1591
1615, 1553
1615, 1583
1624, 1689
1627, 1665
1629, 1633
1629, 1665
1633, 1629
1633, 1690
1634, 1715
1635, 1696
1651, 1685
1660, 1694
1665, 1627
1665, 1629
1675, 1691
1678, 1683
1683, 1678
1685, 1651
1689, 1624
1690, 1633
1691, 1675
1694, 1660
1696, 1635
1715, 1634
1723, 1808
1724, 1755
1724, 1767
1726, 1791
1729, 1760
1730, 1792
1734, 1782
1744, 1793
1755, 1724
1755, 1767
1756, 1815
1760, 1729
1766, 1809
1767, 1724
1767, 1755
1767, 1769
1769, 1767
1775, 1787
1782, 1734
1787, 1775
1791, 1726
1792, 1730
1793, 1744
1794, 1812
1808, 1723
1809, 1766
1812, 1794
1815, 1756
1821, 1860
1823, 1828
1823, 1832
1828, 1823
1828, 1832
1831, 1890
1832, 1823
1832, 1828
1838, 1881
1839, 1897
1846, 1864
1846, 1916
1849, 1853
1853, 1849
1854, 1887
1860, 1821
1864, 1846
1864, 1916
1872, 1874
1874, 1872
1877, 1910
1878, 1893
1881, 1838
1885, 1891
1887, 1854
1890, 1831
1891, 1885
1893, 1878
1897, 1839
1910, 1877
1916, 1846
1916, 1864
1926, 1965
1929, 1940
1932, 1980
1932, 1998
1937, 2004
1939, 1987
1940, 1929
1949, 1956
1949, 2012
1953, 1966
1953, 1996
1956, 1949
1956, 2012
1958, 1986
1965, 1926
1966, 1953
1966, 1996
1979, 2011
1980, 1932
1980, 1998
1982, 2013
1986, 1958
1987, 1939
1990, 1997
1990, 2016
1996, 1953
1996, 1966
1997, 1990
1997, 2016
1998, 1932
1998, 1980
2000, 2010
2001, 2009
2004, 1937
2009, 2001
2010, 2000
2011, 1979
2012, 1949
2012, 1956
2013, 1982
2016, 1990
2016, 1997
2021, 2112
2022, 2109
2032, 2098
2039, 2097
2050, 2064
2054, 2074
2056, 2118
2058, 2079
2064, 2050
2074, 2054
2079, 2058
2091, 2118
2097, 2039
2098, 2032
2109, 2022
2112, 2021
2118, 2056
2118, 2091
2122, 2219
2126, 2165
2126, 2200
2136, 2142
2140, 2183
2142, 2136
2143, 2171
2148, 2193
2156, 2189
2165, 2126
2165, 2200
2171, 2143
2176, 2196
2181, 2213
2183, 2140
2189, 2156
2193, 2148
2196, 2176
2197, 2220
2200, 2126
2200, 2165
2213, 2181
2219, 2122
2220, 2197
2223, 2274
2224, 2265
2231, 2244
2232, 2316
2242, 2322
2244, 2231
2245, 2256
2245, 2291
2245, 2314
2255, 2315
2256, 2245
2256, 2314
2265, 2224
2272, 2289
2274, 2223
2275, 2281
2276, 2278
2278, 2276
2281, 2275
2284, 2294
2289, 2272
2291, 2245
2294, 2284
2306, 2311
2311, 2306
2314, 2245
2314, 2256
2315, 2255
2316, 2232
2322, 2242
2335, 2394
2338, 2343
2339, 2418
2342, 2392
2343, 2338
2347, 2366
2357, 2364
2364, 2357
2364, 2422
2366, 2347
2369, 2383
2377, 2413
2383, 2369
2390, 2403
2391, 2419
2392, 2342
2394, 2335
2395, 2402
2402, 2395
2403, 2390
2413, 2377
2418, 2339
2419, 2391
2422, 2364
2428, 2484
2435, 2457
2455, 2459
2455, 2507
2457, 2435
2459, 2455
2459, 2507
2463, 2508
2468, 2502
2478, 2514
2484, 2428
2502, 2468
2507, 2455
2507, 2459
2508, 2463
2514, 2478
2515, 2523
2523, 2515
2528, 2562
2537, 2571
2537, 2596
2541, 2586
2543, 2559
2543, 2567
2543, 2577
2557, 2591
2558, 2584
2559, 2543
2559, 2567
2559, 2577
2562, 2528
2567, 2543
2567, 2559
2567, 2577
2571, 2537
2574, 2597
2577, 2543
2577, 2559
2577, 2567
2581, 2589
2584, 2558
2586, 2541
2586, 2587
2587, 2586
2589, 2581
2591, 2557
2596, 2537
2597, 2574
2607, 2615
2615, 2607
2631, 2656
2632, 2714
2633, 2637
2633, 2648
2637, 2633
2637, 2648
2644, 2699
2644, 2718
2647, 2690
2648, 2633
2648, 2637
2656, 2631
2657, 2719
2658, 2692
2659, 2676
2661, 2670
2665, 2710
2670, 2661
2676, 2659
2690, 2647
2692, 2658
2694, 2700
2694, 2709
2699, 2644
2699, 2718
2700, 2694
2700, 2705
2705, 2700
2709, 2694
2710, 2665
2714, 2632
2718, 2644
2718, 2699
2719, 2657
2731, 2789
2740, 2777
2742, 2765
2748, 2760
2754, 2782
2756, 2804
2760, 2748
2765, 2742
2768, 2795
2773, 2827
2774, 2786
2774, 2806
2777, 2740
2782, 2754
2786, 2774
2786, 2806
2789, 2731
2795, 2768
2801, 2805
2804, 2756
2805, 2801
2806, 2774
2806, 2786
2812, 2826
2816, 2817
2817, 2816
2826, 2812
2827, 2773
2829, 2900
2831, 2837
2831, 2922
2833, 2883
2837, 2831
2838, 2904
2838, 2923
2849, 2890
2851, 2926
2857, 2872
2857, 2898
2859, 2880
2872, 2857
2872, 2898
2875, 2905
2880, 2859
2883, 2833
2890, 2849
2898, 2857
2898, 2872
2900, 2829
2904, 2838
2904, 2923
2905, 2875
2907, 2925
2909, 2916
2916, 2909
2922, 2831
2923, 2838
2923, 2904
2925, 2907
2926, 2851
2936, 2976
2936, 2989
2939, 2971
2939, 2991
2940, 2962
2940, 3001
2942, 2999
2943, 2974
2959, 3022
2962, 2940
2962, 3001
2971, 2939
2974, 2943
2975, 3027
2976, 2936
2976, 2989
2979, 2998
2984, 3026
2989, 2936
2989, 2976
2991, 2939
2996, 3026
2998, 2979
2999, 2942
3001, 2940
3001, 2962
3015, 3017
3017, 3015
3022, 2959
3026, 2984
3026, 2996
3027, 2975
3031, 3072
3033, 3061
3039, 3074
3056, 3081
3061, 3033
3065, 3106
3071, 3086
3072, 3031
3074, 3039
3078, 3103
3081, 3056
3082, 3093
3086, 3071
3093, 3082
3099, 3108
3103, 3078
3106, 3065
3108, 3099
3134, 3176
3139, 3199
3142, 3162
3145, 3210
3152, 3159
3159, 3152
3162, 3142
3164, 3195
3176, 3134
3191, 3209
3195, 3164
3199, 3139
3207, 3209
3209, 3191
3209, 3207
3210, 3145
3214, 3224
3224, 3214
3237, 3268
3237, 3310
3240, 3293
3240, 3309
3243, 3281
3244, 3256
3251, 3272
3254, 3300
3256, 3244
3259, 3311
3268, 3237
3272, 3251
3273, 3307
3281, 3243
3286, 3311
3288, 3329
3291, 3332
3293, 3240
3293, 3309
3300, 3254
3307, 3273
3309, 3240
3309, 3293
3310, 3237
3311, 3259
3311, 3286
3329, 3288
3332, 3291
3343, 3374
3343, 3391
3343, 3393
3344, 3347
3345, 3411
3347, 3344
3354, 3410
3354, 3412
3355, 3395
3360, 3368
3368, 3360
3374, 3343
3374, 3391
3374, 3393
3379, 3385
3381, 3428
3383, 3426
3385, 3379
3385, 3397
3391, 3343
3391, 3374
3391, 3393
3393, 3343
3393, 3374
3393, 3391
3395, 3355
3397, 3385
3410, 3354
3411, 3345
3412, 3354
3426, 3383
3428, 3381
3437, 3478
3448, 3456
3451, 3491
3456, 3448
3467, 3527
3478, 3437
3486, 3517
3491, 3451
3517, 3486
3527, 3467
3541, 3616
3542, 3614
3547, 3577
3547, 3578
3547, 3631
3556, 3581
3558, 3567
3560, 3586
3567, 3558
3570, 3623
3577, 3547
3577, 3631
3578, 3547
3578, 3631
3581, 3556
3586, 3560
3591, 3600
3600, 3591
3614, 3542
3614, 3633
3616, 3541
3623, 3570
3631, 3547
3631, 3577
3631, 3578
3633, 3614
3640, 3689
3641, 3674
3643, 3666
3645, 3701
3664, 3669
3666, 3643
3669, 3664
3672, 3695
3673, 3694
3674, 3641
3689, 3640
3694, 3673
3695, 3672
3701, 3645
3701, 3710
3709, 3737
3710, 3701
3737, 3709
3742, 3749
3749, 3742
3751, 3758
3752, 3802
3753, 3801
3754, 3816
3758, 3751
3781, 3807
3783, 3809
3786, 3800
3800, 3786
3801, 3753
3802, 3752
3804, 3812
3807, 3781
3809, 3783
3812, 3804
3812, 3813
3813, 3812
3816, 3754
3820, 3836
3836, 3820
3845, 3903
3845, 3905
3847, 3890
3850, 3884
3851, 3890
3852, 3897
3853, 3939
3854, 3902
3856, 3879
3856, 3913
3857, 3893
3867, 3896
3871, 3932
3876, 3916
3879, 3856
3884, 3850
3890, 3847
3890, 3851
3893, 3857
3896, 3867
3897, 3852
3902, 3854
3903, 3845
3903, 3905
3905, 3845
3905, 3903
3913, 3856
3915, 3917
3916, 3876
3917, 3915
3932, 3871
3939, 3853
3940, 3983
3940, 4032
3942, 3987
3947, 3975
3957, 4008
3962, 3968
3968, 3962
3975, 3947
3983, 3940
3987, 3942
4008, 3957
4010, 4031
4012, 4039
4021, 4023
4023, 4021
4031, 4010
4032, 3940
4039, 4012
4050, 4093
4053, 4114
4056, 4086
4058, 4137
4062, 4078
4062, 4090
4078, 4062
4078, 4090
4086, 4056
4086, 4107
4089, 4108
4090, 4062
4090, 4078
4093, 4050
4097, 4100
4100, 4097
4107, 4086
4108, 4089
4114, 4053
4137, 4058
4142, 4146
4146, 4142
4153, 4177
4153, 4205
4155, 4190
4159, 4168
4168, 4159
4171, 4202
4177, 4153
4178, 4185
4181, 4197
4185, 4178
4190, 4155
4193, 4195
4193, 4218
4195, 4193
4195, 4218
4196, 4241
4197, 4181
4202, 4171
4205, 4153
4218, 4193
4218, 4195
4241, 4196
4249, 4297
4255, 4292
4255, 4319
4259, 4278
4265, 4289
4266, 4294
4269, 4309
4276, 4339
4278, 4259
4289, 4265
4292, 4255
4292, 4319
4294, 4266
4297, 4249
4309, 4269
4315, 4336
4319, 4255
4319, 4292
4336, 4315
4339, 4276
4347, 4398
4353, 4358
4354, 4420
4358, 4353
4360, 4362
4362, 4360
4362, 4397
4364, 4421
4383, 4411
4384, 4404
4387, 4437
4392, 4415
4393, 4444
4397, 4362
4398, 4347
4402, 4443
4404, 4384
4411, 4383
4415, 4392
4420, 4354
4421, 4364
4437, 4387
4443, 4402
4444, 4393
4449, 4493
4457, 4537
4463, 4505
4483, 4527
4487, 4517
4493, 4449
4494, 4498
4494, 4500
4498, 4494
4498, 4500
4499, 4524
4500, 4494
4500, 4498
4505, 4463
4505, 4511
4506, 4512
4511, 4505
4512, 4506
4517, 4487
4524, 4499
4527, 4483
4528, 4533
4531, 4534
4533, 4528
4534, 4531
4537, 4457
4546, 4598
4546, 4637
4549, 4588
4549, 4625
4556, 4591
4556, 4624
4559, 4608
4567, 4597
4568, 4606
4568, 4645
4585, 4621
4586, 4622
4588, 4549
4591, 4556
4591, 4624
4594, 4612
4597, 4567
4598, 4546
4598, 4637
4604, 4614
4605, 4620
4606, 4568
4606, 4645
4608, 4559
4612, 4594
4614, 4604
4620, 4605
4621, 4585
4622, 4586
4624, 4556
4624, 4591
4625, 4549
4637, 4546
4637, 4598
4645, 4568
4645, 4606
4647, 4686
4649, 4677
4652, 4731
4653, 4745
4654, 4716
4657, 4695
4663, 4744
4677, 4649
4686, 4647
4687, 4692
4692, 4687
4692, 4723
4695, 4657
4705, 4715
4706, 4725
4711, 4740
4715, 4705
4716, 4654
4723, 4692
4725, 4706
4731, 4652
4740, 4711
4744, 4663
4745, 4653
4750, 4769
4754, 4755
4754, 4824
4755, 4754
4755, 4824
4756, 4806
4756, 4812
4757, 4780
4758, 4788
4758, 4799
4758, 4814
4760, 4765
4762, 4844
4765, 4760
4765, 4786
4769, 4750
4780, 4757
4786, 4765
4788, 4758
4788, 4799
4799, 4758
4799, 4788
4799, 4814
4802, 4811
4806, 4756
4806, 4812
4811, 4802
4812, 4756
4812, 4806
4814, 4758
4814, 4799
4824, 4754
4824, 4755
4828, 4838
4838, 4828
4844, 4762
4852, 4866
4852, 4904
4855, 4882
4857, 4912
4859, 4909
4860, 4946
4861, 4902
4864, 4865
4864, 4922
4865, 4864
4865, 4922
4866, 4852
4882, 4855
4882, 4931
4900, 4908
4900, 4916
4902, 4861
4904, 4852
4907, 4910
4908, 4900
4908, 4916
4909, 4859
4910, 4907
4912, 4857
4916, 4900
4916, 4908
4922, 4864
4922, 4865
4928, 4944
4931, 4882
4944, 4928
4946, 4860
4953, 5005
4956, 5014
4956, 5045
4962, 4983
4962, 4996
4971, 4993
4971, 4999
4973, 5035
4979, 5042
4982, 5043
4983, 4962
4990, 5003
4992, 5020
4993, 4971
4993, 4999
4994, 5013
4996, 4962
4999, 4971
4999, 4993
5003, 4990
5005, 4953
5011, 5050
5013, 4994
5014, 4956
5014, 5045
5018, 5039
5020, 4992
5028, 5034
5033, 5037
5034, 5028
5035, 4973
5037, 5033
5039, 5018
5042, 4979
5043, 4982
5045, 4956
5045, 5014
5050, 5011
5061, 5071
5065, 5071
5071, 5061
5071, 5065
5077, 5091
5089, 5097
5090, 5121
5091, 5077
5093, 5103
5096, 5125
5097, 5089
5103, 5093
5104, 5146
5106, 5147
5110, 5126
5121, 5090
5125, 5096
5126, 5110
5146, 5104
5147, 5106
5159, 5219
5160, 5215
5163, 5198
5168, 5229
5171, 5209
5188, 5200
5198, 5163
5199, 5243
5200, 5188
5209, 5171
5212, 5249
5213, 5226
5215, 5160
5219, 5159
5226, 5213
5229, 5168
5243, 5199
5249, 5212
5253, 5344
5261, 5279
5261, 5298
5261, 5309
5263, 5316
5264, 5346
5271, 5337
5275, 5292
5279, 5261
5279, 5298
5279, 5309
5280, 5304
5281, 5324
5287, 5295
5292, 5275
5295, 5287
5298, 5261
5298, 5279
5298, 5309
5304, 5280
5309, 5261
5309, 5279
5309, 5298
5312, 5326
5313, 5326
5316, 5263
5323, 5349
5324, 5281
5326, 5312
5326, 5313
5328, 5351
5337, 5271
5344, 5253
5346, 5264
5349, 5323
5351, 5328
5356, 5421
5357, 5393
5358, 5375
5358, 5387
5358, 5413
5375, 5358
5375, 5387
5375, 5413
5377, 5424
5384, 5386
5384, 5400
5386, 5384
5386, 5400
5387, 5358
5387, 5375
5387, 5413
5389, 5451
5393, 5357
5394, 5428
5395, 5438
5400, 5384
5400, 5386
5404, 5452
5407, 5418
5413, 5358
5413, 5375
5413, 5387
5415, 5454
5418, 5407
5421, 5356
5424, 5377
5428, 5394
5437, 5449
5438, 5395
5449, 5437
5451, 5389
5452, 5404
5454, 5415
5457, 5529
5459, 5463
5459, 5533
5461, 5485
5463, 5459
5463, 5533
5466, 5507
5471, 5515
5473, 5492
5474, 5508
5482, 5500
5485, 5461
5487, 5530
5490, 5531
5492, 5473
5494, 5553
5495, 5509
5500, 5482
5504, 5548
5507, 5466
5508, 5474
5509, 5495
5515, 5471
5529, 5457
5530, 5487
5531, 5490
5533, 5459
5533, 5463
5546, 5553
5548, 5504
5553, 5494
5553, 5546
5556, 5605
5557, 5578
5558, 5602
5558, 5647
5562, 5566
5566, 5562
5567, 5653
5568, 5576
5568, 5616
5569, 5619
5576, 5568
5576, 5616
5578, 5557
5585, 5586
5586, 5585
5596, 5611
5598, 5599
5599, 5598
5602, 5558
5602, 5647
5605, 5556
5611, 5596
5616, 5568
5616, 5576
5619, 5569
5647, 5558
5647, 5602
5653, 5567
5663, 5703
5667, 5720
5673, 5677
5674, 5752
5677, 5673
5686, 5718
5687, 5757
5694, 5750
5697, 5735
5698, 5729
5703, 5663
5703, 5731
5711, 5727
5713, 5723
5718, 5686
5720, 5667
5723, 5713
5727, 5711
5729, 5698
5731, 5703
5735, 5697
5741, 5755
5750, 5694
5752, 5674
5755, 5741
5757, 5687
5768, 5788
5768, 5806
5769, 5831
5770, 5849
5771, 5791
5773, 5792
5774, 5833
5775, 5827
5786, 5803
5788, 5768
5790, 5802
5790, 5822
5791, 5771
5792, 5773
5792, 5834
5794, 5805
5796, 5809
5802, 5790
5802, 5832
5803, 5786
5805, 5794
5806, 5768
5809, 5796
5816, 5821
5817, 5836
5819, 5851
5821, 5816
5822, 5790
5822, 5858
5825, 5840
5827, 5775
5831, 5769
5832, 5802
5833, 5774
5834, 5792
5834, 5856
5836, 5817
5840, 5825
5849, 5770
5851, 5819
5856, 5834
5858, 5822
5861, 5893
5866, 5913
5874, 5907
5877, 5955
5889, 5926
5893, 5861
5896, 5951
5902, 5906
5903, 5935
5906, 5902
5907, 5874
5910, 5956
5913, 5866
5915, 5956
5918, 5953
5926, 5889
5935, 5903
5951, 5896
5953, 5918
5955, 5877
5956, 5910
5956, 5915
5962, 6005
5963, 5994
5970, 5972
5970, 6012
5972, 5970
5972, 6012
5978, 6021
5982, 6018
5992, 6051
5994, 5963
6000, 6037
6001, 6034
6005, 5962
6012, 5970
6012, 5972
6014, 6015
6015, 6014
6018, 5982
6021, 5978
6034, 6001
6037, 6000
6042, 6053
6051, 5992
6053, 6042
6063, 6065
6065, 6063
6068, 6099
6069, 6087
6075, 6094
6075, 6135
6079, 6091
6087, 6069
6088, 6152
6089, 6091
6091, 6079
6091, 6089
6094, 6075
6094, 6135
6096, 6109
6098, 6143
6099, 6068
6109, 6096
6119, 6124
6124, 6119
6135, 6075
6135, 6094
6143, 6098
6147, 6150
6150, 6147
6152, 6088
6168, 6220
6173, 6210
6173, 6226
6177, 6207
6188, 6197
6197, 6188
6201, 6214
6203, 6216
6207, 6177
6210, 6173
6210, 6226
6214, 6201
6216, 6203
6220, 6168
6223, 6254
6226, 6173
6226, 6210
6254, 6223
6265, 6322
6272, 6338
6274, 6301
6275, 6334
6277, 6360
6278, 6314
6283, 6307
6285, 6290
6290, 6285
6297, 6312
6300, 6316
6301, 6274
6301, 6340
6305, 6324
6307, 6283
6308, 6341
6309, 6314
6312, 6297
6314, 6278
6314, 6309
6316, 6300
6322, 6265
6324, 6305
6334, 6275
6338, 6272
6340, 6301
6341, 6308
6346, 6349
6349, 6346
6360, 6277
6368, 6391
6379, 6382
6381, 6411
6382, 6379
6386, 6446
6391, 6368
6407, 6462
6409, 6455
6411, 6381
6419, 6460
6425, 6461
6432, 6439
6435, 6442
6436, 6455
6439, 6432
6442, 6435
6446, 6386
6455, 6409
6455, 6436
6460, 6419
6461, 6425
6462, 6407
6465, 6480
6468, 6482
6475, 6498
6476, 6541
6480, 6465
6481, 6486
6482, 6468
6486, 6481
6493, 6518
6498, 6475
6499, 6556
6499, 6561
6517, 6532
6518, 6493
6519, 6565
6532, 6517
6541, 6476
6556, 6499
6556, 6558
6556, 6561
6558, 6556
6561, 6499
6561, 6556
6565, 6519
6568, 6602
6570, 6582
6570, 6639
6577, 6595
6577, 6621
6582, 6570
6582, 6639
6589, 6594
6592, 6638
6594, 6589
6594, 6636
6595, 6577
6595, 6621
6596, 6601
6596, 6625
6601, 6596
6601, 6625
6602, 6568
6603, 6650
6615, 6627
6615, 6632
6621, 6577
6621, 6595
6625, 6596
6625, 6601
6627, 6615
6627, 6632
6632, 6615
6632, 6627
6636, 6594
6637, 6640
6638, 6592
6639, 6570
6639, 6582
6640, 6637
6650, 6603
6675, 6710
6675, 6739
6676, 6682
6678, 6689
6679, 6716
6682, 6676
6683, 6709
6688, 6742
6689, 6678
6692, 6723
6700, 6718
6701, 6720
6704, 6765
6706, 6724
6707, 6713
6707, 6749
6707, 6764
6709, 6683
6710, 6675
6710, 6739
6713, 6707
6713, 6749
6713, 6764
6716, 6679
6718, 6700
6719, 6735
6720, 6701
6723, 6692
6724, 6706
6725, 6759
6733, 6740
6735, 6719
6739, 6675
6739, 6710
6740, 6733
6742, 6688
6749, 6707
6749, 6713
6749, 6764
6759, 6725
6764, 6707
6764, 6713
6764, 6749
6765, 6704
6778, 6835
6781, 6868
6783, 6809
6786, 6797
6787, 6808
6789, 6828
6790, 6810
6797, 6786
6798, 6844
6800, 6825
6808, 6787
6809, 6783
6810, 6790
6817, 6839
6819, 6830
6821, 6843
6822, 6859
6825, 6800
6828, 6789
6830, 6819
6835, 6778
6836, 6845
6839, 6817
6843, 6821
6844, 6798
6845, 6836
6859, 6822
6868, 6781
6871, 6917
6877, 6936
6878, 6889
6880, 6889
6881, 6907
6884, 6932
6889, 6878
6889, 6880
6907, 6881
6915, 6928
6917, 6871
6918, 6948
6924, 6955
6927, 6960
6928, 6915
6932, 6884
6936, 6877
6948, 6918
6955, 6924
6960, 6927
6970, 6991
6970, 7034
6970, 7044
6979, 7064
6991, 6970
6991, 7034
6991, 7044
6992, 7047
6996, 7011
6996, 7041
6996, 7052
7003, 7004
7004, 7003
7005, 7047
7007, 7049
7011, 6996
7011, 7041
7011, 7052
7012, 7021
7018, 7046
7021, 7012
7022, 7033
7025, 7028
7028, 7025
7032, 7039
7033, 7022
7034, 6970
7034, 6991
7034, 7044
7039, 7032
7040, 7045
7041, 6996
7041, 7011
7041, 7052
7044, 6970
7044, 6991
7044, 7034
7045, 7040
7046, 7018
7047, 6992
7047, 7005
7049, 7007
7052, 6996
7052, 7011
7052, 7041
7064, 6979
7071, 7103
7071, 7133
7073, 7134
7074, 7139
7075, 7145
7078, 7126
7080, 7091
7087, 7104
7091, 7080
7103, 7071
7103, 7112
7103, 7133
7104, 7087
7108, 7162
7110, 7124
7112, 7103
7112, 7133
7124, 7110
7126, 7078
7133, 7071
7133, 7103
7133, 7112
7134, 7073
7137, 7142
7138, 7146
7139, 7074
7142, 7137
7145, 7075
7146, 7138
7162, 7108
7172, 7246
7174, 7264
7178, 7233
7186, 7268
7195, 7232
7198, 7238
7202, 7264
7205, 7218
7205, 7248
7218, 7205
7218, 7248
7221, 7228
7228, 7221
7229, 7269
7232, 7195
7233, 7178
7238, 7198
7246, 7172
7248, 7205
7248, 7218
7252, 7257
7257, 7252
7264, 7174
7264, 7202
7268, 7186
7269, 7229
7275, 7371
7286, 7336
7286, 7349
7292, 7309
7293, 7332
7295, 7365
7296, 7305
7305, 7296
7306, 7319
7309, 7292
7310, 7355
7316, 7325
7319, 7306
7319, 7349
7321, 7324
7324, 7321
7325, 7316
7332, 7293
7336, 7286
7336, 7349
7349, 7286
7349, 7319
7349, 7336
7355, 7310
7365, 7295
7371, 7275
7377, 7465
7380, 7419
7390, 7445
7394, 7395
7395, 7394
7403, 7467
7407, 7430
7413, 7466
7414, 7448
7419, 7380
7422, 7433
7428, 7437
7430, 7407
7433, 7422
7437, 7428
7441, 7456
7445, 7390
7448, 7414
7449, 7474
7452, 7456
7456, 7441
7456, 7452
7462, 7463
7463, 7462
7465, 7377
7466, 7413
7467, 7403
7474, 7449
7481, 7492
7482, 7495
7486, 7501
7492, 7481
7494, 7499
7495, 7482
7496, 7573
7498, 7524
7499, 7494
7501, 7486
7508, 7559
7509, 7523
7509, 7571
7523, 7509
7523, 7551
7524, 7498
7529, 7541
7541, 7529
7551, 7523
7558, 7564
7559, 7508
7564, 7558
7571, 7509
7573, 7496
7576, 7584
7580, 7627
7582, 7674
7584, 7576
7585, 7654
7588, 7596
7591, 7638
7592, 7598
7593, 7622
7596, 7588
7597, 7624
7598, 7592
7603, 7648
7603, 7649
7611, 7642
7617, 7643
7622, 7593
7624, 7597
7626, 7636
7627, 7580
7636, 7626
7638, 7591
7642, 7611
7643, 7617
7648, 7603
7648, 7649
7649, 7603
7649, 7648
7654, 7585
7658, 7671
7671, 7658
7674, 7582
7677, 7740
7683, 7774
7687, 7743
7695, 7751
7697, 7717
7698, 7748
7707, 7755
7709, 7723
7712, 7717
7715, 7770
7717, 7697
7717, 7712
7719, 7722
7722, 7719
7723, 7709
7725, 7739
7725, 7743
7737, 7759
7739, 7725
7740, 7677
7743, 7687
7743, 7725
7744, 7746
7746, 7744
7748, 7698
7751, 7695
7755, 7707
7759, 7737
7770, 7715
7774, 7683
7788, 7850
7789, 7791
7789, 7808
7791, 7789
7791, 7808
7798, 7830
7798, 7878
7808, 7789
7808, 7791
7812, 7833
7815, 7852
7816, 7857
7826, 7841
7826, 7870
7830, 7798
7830, 7878
7833, 7812
7838, 7876
7841, 7826
7841, 7870
7850, 7788
7852, 7815
7854, 7855
7855, 7854
7857, 7816
7860, 7874
7870, 7826
7870, 7841
7874, 7860
7876, 7838
7878, 7798
7878, 7830
7879, 7900
7885, 7914
7886, 7916
7886, 7953
7888, 7893
7893, 7888
7894, 7897
7897, 7894
7898, 7931
7899, 7917
7900, 7879
7908, 7941
7912, 7922
7914, 7885
7914, 7917
7916, 7886
7916, 7946
7917, 7899
7917, 7914
7919, 7921
7921, 7919
7922, 7912
7931, 7898
7939, 7956
7941, 7908
7946, 7916
7948, 7971
7953, 7886
7956, 7939
7971, 7948
7982, 8024
7987, 8031
7990, 7991
7990, 8014
7991, 7990
7996, 8077
8001, 8013
8001, 8056
8007, 8055
8012, 8034
8013, 8001
8013, 8056
8014, 7990
8015, 8020
8016, 8037
8020, 8015
8024, 7982
8024, 8041
8026, 8040
8031, 7987
8034, 8012
8035, 8039
8037, 8016
8039, 8035
8040, 8026
8041, 8024
8046, 8052
8047, 8062
8051, 8073
8052, 8046
8055, 8007
8056, 8001
8056, 8013
8062, 8047
8073, 8051
8077, 7996
8083, 8125
8092, 8118
8093, 8157
8095, 8127
8108, 8126
8113, 8139
8113, 8148
8115, 8143
8118, 8092
8120, 8147
8121, 8124
8122, 8129
8124, 8121
8125, 8083
8126, 8108
8127, 8095
8129, 8122
8135, 8141
8136, 8157
8139, 8113
8139, 8148
8141, 8135
8143, 8115
8147, 8120
8148, 8113
8148, 8139
8157, 8093
8157, 8136
8158, 8174
8164, 8167
8167, 8164
8174, 8158
8188, 8198
8196, 8230
8198, 8188
8218, 8257
8230, 8196
8235, 8236
8236, 8235
8236, 8260
8237, 8253
8253, 8237
8257, 8218
8260, 8236
8262, 8267
8267, 8262
8288, 8370
8291, 8327
8292, 8337
8293, 8350
8296, 8345
8301, 8321
8309, 8318
8316, 8317
8317, 8316
8318, 8309
8319, 8346
8319, 8361
8321, 8301
8327, 8291
8335, 8352
8337, 8292
8342, 8347
8342, 8365
8345, 8296
8346, 8319
8346, 8359
8346, 8361
8347, 8342
8347, 8349
8347, 8365
8349, 8347
8349, 8365
8350, 8293
8352, 8335
8354, 8367
8359, 8346
8359, 8361
8361, 8319
8361, 8346
8361, 8359
8364, 8366
8365, 8342
8365, 8347
8365, 8349
8366, 8364
8367, 8354
8370, 8288
8410, 8475
8413, 8419
8413, 8433
8414, 8457
8416, 8450
8418, 8421
8419, 8413
8419, 8433
8419, 8482
8421, 8418
8424, 8444
8424, 8481
8433, 8413
8433, 8419
8444, 8424
8444, 8481
8445, 8461
8446, 8459
8450, 8416
8452, 8453
8453, 8452
8455, 8466
8457, 8414
8459, 8446
8461, 8445
8464, 8472
8466, 8455
8472, 8464
8475, 8410
8481, 8424
8481, 8444
8482, 8419
8491, 8578
8495, 8506
8498, 8548
8506, 8495
8517, 8527
8525, 8562
8527, 8517
8539, 8584
8540, 8582
8547, 8576
8548, 8498
8562, 8525
8576, 8547
8578, 8491
8582, 8540
8584, 8539
8586, 8654
8589, 8613
8594, 8599
8599, 8594
8605, 8628
8606, 8678
8608, 8616
8608, 8632
8608, 8640
8609, 8635
8613, 8589
8614, 8634
8616, 8608
8616, 8632
8616, 8640
8627, 8660
8628, 8605
8632, 8608
8632, 8616
8632, 8640
8634, 8614
8635, 8609
8639, 8668
8640, 8608
8640, 8616
8640, 8632
8645, 8679
8654, 8586
8657, 8686
8660, 8627
8668, 8639
8678, 8606
8679, 8645
8686, 8657
8691, 8713
8691, 8732
8695, 8722
8695, 8783
8696, 8743
8696, 8758
8698, 8731
8699, 8763
8713, 8691
8714, 8756
8722, 8695
8722, 8783
8726, 8778
8731, 8698
8732, 8691
8740, 8764
8743, 8696
8743, 8758
8754, 8780
8756, 8714
8758, 8696
8758, 8743
8760, 8765
8763, 8699
8764, 8740
8765, 8760
8778, 8726
8780, 8754
8783, 8695
8783, 8722
8788, 8833
8790, 8807
8790, 8847
8791, 8826
8792, 8834
8795, 8859
8799, 8854
8801, 8828
8804, 8841
8805, 8858
8806, 8822
8807, 8790
8808, 8862
8810, 8846
8816, 8850
8822, 8806
8826, 8791
8827, 8849
8827, 8852
8828, 8801
8829, 8832
8829, 8879
8832, 8829
8832, 8879
8833, 8788
8834, 8792
8835, 8851
8840, 8870
8840, 8881
8841, 8804
8843, 8863
8846, 8810
8847, 8790
8849, 8827
8849, 8856
8850, 8816
8851, 8835
8852, 8827
8854, 8799
8856, 8849
8858, 8805
8859, 8795
8862, 8808
8863, 8843
8870, 8840
8870, 8881
8879, 8829
8879, 8832
8881, 8840
8881, 8870
8892, 8949
8894, 8895
8895, 8894
8897, 8902
8900, 8971
8902, 8897
8903, 8988
8905, 8930
8919, 8944
8927, 8987
8930, 8905
8932, 8935
8933, 8988
8935, 8932
8938, 8953
8940, 8960
8944, 8919
8949, 8892
8953, 8938
8960, 8940
8971, 8900
8987, 8927
8988, 8903
8988, 8933
8993, 9086
8995, 9069
8997, 9048
8997, 9089
8998, 9030
8998, 9035
9007, 9008
9007, 9031
9008, 9007
9008, 9027
9008, 9031
9008, 9067
9011, 9023
9011, 9056
9012, 9018
9016, 9039
9018, 9012
9023, 9011
9023, 9056
9027, 9008
9027, 9031
9027, 9067
9029, 9072
9030, 8998
9030, 9035
9031, 9007
9031, 9008
9031, 9027
9031, 9067
9034, 9063
9035, 8998
9035, 9030
9038, 9049
9039, 9016
9048, 8997
9048, 9089
9049, 9038
9056, 9011
9056, 9023
9058, 9088
9063, 9034
9064, 9082
9067, 9008
9067, 9027
9067, 9031
9069, 8995
9072, 9029
9082, 9064
9086, 8993
9088, 9058
9089, 8997
9089, 9048
9095, 9144
9097, 9136
9107, 9139
9111, 9148
9111, 9152
9111, 9183
9120, 9163
9128, 9189
9131, 9158
9136, 9097
9139, 9107
9144, 9095
9148, 9111
9148, 9183
9149, 9188
9152, 9111
9152, 9183
9155, 9187
9158, 9131
9163, 9120
9167, 9187
9170, 9175
9175, 9170
9183, 9111
9183, 9148
9183, 9152
9187, 9155
9187, 9167
9188, 9149
9189, 9128
9198, 9252
9200, 9269
9202, 9261
9204, 9224
9204, 9268
9219, 9235
9224, 9204
9225, 9246
9226, 9230
9230, 9226
9235, 9219
9236, 9265
9238, 9266
9246, 9225
9252, 9198
9258, 9270
9258, 9289
9259, 9261
9261, 9202
9261, 9259
9265, 9236
9266, 9238
9268, 9204
9269, 9200
9270, 9258
9270, 9289
9275, 9287
9287, 9275
9289, 9258
9289, 9270
9293, 9319
9294, 9336
9297, 9305
9301, 9302
9302, 9301
9305, 9297
9313, 9357
9313, 9359
9316, 9337
9316, 9359
9319, 9293
9325, 9326
9326, 9325
9330, 9391
9334, 9339
9336, 9294
9337, 9316
9339, 9334
9356, 9367
9357, 9313
9357, 9359
9359, 9313
9359, 9316
9359, 9357
9364, 9368
9367, 9356
9368, 9364
9376, 9382
9382, 9376
9391, 9330
9396, 9460
9396, 9470
9398, 9407
9400, 9491
9401, 9455
9407, 9398
9415, 9454
9415, 9487
9423, 9453
9428, 9449
9432, 9434
9434, 9432
9437, 9472
9441, 9451
9449, 9428
9451, 9441
9453, 9423
9454, 9415
9454, 9487
9455, 9401
9460, 9396
9460, 9470
9470, 9396
9470, 9460
9472, 9437
9487, 9415
9487, 9454
9491, 9400
9506, 9556
9509, 9572
9513, 9528
9514, 9570
9516, 9573
9522, 9527
9524, 9541
9525, 9548
9527, 9522
9528, 9513
9533, 9534
9534, 9533
9540, 9567
9541, 9524
9548, 9525
9553, 9570
9555, 9559
9556, 9506
9559, 9555
9567, 9540
9570, 9514
9570, 9553
9572, 9509
9573, 9516
9599, 9651
9608, 9659
9609, 9695
9610, 9671
9614, 9662
9618, 9629
9619, 9694
9621, 9665
9625, 9667
9628, 9649
9629, 9618
9637, 9663
9637, 9693
9639, 9640
9640, 9639
9649, 9628
9650, 9663
9651, 9599
9654, 9656
9655, 9672
9655, 9687
9656, 9654
9657, 9678
9659, 9608
9662, 9614
9663, 9637
9663, 9650
9663, 9693
9665, 9621
9667, 9625
9671, 9610
9672, 9655
9672, 9673
9672, 9687
9673, 9672
9673, 9687
9678, 9657
9687, 9655
9687, 9672
9687, 9673
9693, 9637
9693, 9663
9694, 9619
9695, 9609
9701, 9763
9705, 9788
9707, 9758
9723, 9726
9726, 9723
9729, 9768
9731, 9756
9733, 9771
9736, 9795
9740, 9745
9745, 9740
9756, 9731
9758, 9707
9763, 9701
9764, 9772
9768, 9729
9770, 9789
9771, 9733
9772, 9764
9779, 9793
9788, 9705
9789, 9770
9793, 9779
9795, 9736
9806, 9811
9807, 9842
9808, 9851
9810, 9819
9810, 9826
9811, 9806
9817, 9870
9819, 9810
9826, 9810
9828, 9895
9833, 9864
9833, 9869
9840, 9856
9840, 9891
9842, 9807
9845, 9876
9851, 9808
9854, 9867
9856, 9840
9856, 9891
9864, 9833
9867, 9854
9869, 9833
9870, 9817
9875, 9896
9876, 9845
9881, 9886
9882, 9894
9886, 9881
9891, 9840
9891, 9856
9894, 9882
9895, 9828
9896, 9875
9904, 9921
9905, 9909
9909, 9905
9910, 9939
9910, 9958
9919, 9936
9919, 9969
9920, 9992
9921, 9904
9925, 9959
9925, 9977
9936, 9919
9939, 9910
9939, 9958
9940, 9954
9940, 9994
9954, 9940
9955, 9956
9956, 9955
9957, 9983
9958, 9910
9958, 9939
9959, 9925
9959, 9977
9969, 9919
9977, 9925
9977, 9959
9983, 9957
9985, 9987
9987, 9985
9992, 9920
9994, 9940
10000, 10034
10000, 10053
10007, 10023
10010, 10012
10010, 10016
10010, 10046
10012, 10010
10012, 10016
10016, 10010
10016, 10012
10016, 10046
10017, 10093
10020, 10045
10021, 10064
10022, 10049
10023, 10007
10032, 10077
10034, 10000
10038, 10079
10039, 10066
10045, 10020
10046, 10010
10046, 10016
10047, 10049
10048, 10099
10049, 10022
10049, 10047
10053, 10000
10058, 10070
10064, 10021
10066, 10039
10067, 10082
10070, 10058
10077, 10032
10079, 10038
10082, 10067
10093, 10017
10099, 10048
10105, 10197
10108, 10173
10110, 10152
10122, 10159
10122, 10175
10133, 10144
10134, 10177
10134, 10201
10144, 10133
10145, 10156
10145, 10176
10152, 10110
10156, 10145
10156, 10176
10159, 10122
10159, 10175
10161, 10182
10173, 10108
10175, 10122
10175, 10159
10176, 10145
10176, 10156
10177, 10134
10177, 10201
10178, 10191
10182, 10161
10184, 10191
10191, 10178
10191, 10184
10197, 10105
10201, 10134
10201, 10177
10206, 10231
10206, 10234
10208, 10299
10209, 10239
10210, 10261
10228, 10276
10231, 10206
10231, 10234
10234, 10206
10234, 10231
10237, 10247
10239, 10209
10240, 10256
10241, 10298
10247, 10237
10252, 10292
10256, 10240
10257, 10263
10261, 10210
10263, 10257
10265, 10273
10272, 10300
10273, 10265
10276, 10228
10283, 10285
10283, 10291
10285, 10283
10285, 10291
10291, 10283
10291, 10285
10292, 10252
10293, 10301
10298, 10241
10299, 10208
10300, 10272
10301, 10293
10303, 10342
10309, 10377
10315, 10340
10316, 10355
10330, 10337
10335, 10355
10336, 10364
10337, 10330
10340, 10315
10342, 10303
10348, 10402
10355, 10316
10355, 10335
10356, 10370
10364, 10336
10370, 10356
10377, 10309
10402, 10348
10410, 10465
10411, 10439
10414, 10436
10415, 10467
10417, 10423
10417, 10429
10423, 10417
10429, 10417
10436, 10414
10438, 10481
10439, 10411
10441, 10475
10441, 10496
10446, 10447
10446, 10452
10447, 10446
10447, 10452
10449, 10468
10452, 10446
10452, 10447
10456, 10467
10457, 10482
10458, 10476
10458, 10482
10461, 10473
10465, 10410
10467, 10415
10467, 10456
10468, 10449
10471, 10497
10473, 10461
10475, 10441
10475, 10496
10476, 10458
10481, 10438
10482, 10457
10482, 10458
10496, 10441
10496, 10475
10497, 10471
10505, 10560
10507, 10596
10511, 10526
10511, 10559
10512, 10542
10512, 10557
10518, 10538
10519, 10556
10519, 10605
10522, 10533
10524, 10581
10526, 10511
10526, 10559
10533, 10522
10537, 10598
10538, 10518
10542, 10512
10542, 10557
10556, 10519
10557, 10512
10557, 10542
10559, 10511
10559, 10526
10560, 10505
10566, 10599
10572, 10587
10574, 10604
10581, 10524
10587, 10572
10596, 10507
10598, 10537
10599, 10566
10604, 10574
10605, 10519
10606, 10610
10610, 10606
10612, 10669
10612, 10703
10619, 10657
10627, 10684
10633, 10690
10639, 10652
10641, 10682
10646, 10654
10647, 10661
10652, 10639
10654, 10646
10655, 10665
10657, 10619
10657, 10666
10658, 10679
10659, 10680
10661, 10647
10662, 10663
10663, 10662
10665, 10655
10666, 10657
10669, 10612
10669, 10703
10669, 10705
10679, 10658
10680, 10659
10681, 10704
10682, 10641
10684, 10627
10685, 10689
10689, 10685
10690, 10633
10703, 10612
10703, 10669
10704, 10681
10705, 10669
10707, 10766
10711, 10732
10723, 10735
10725, 10796
10732, 10711
10735, 10723
10744, 10804
10751, 10806
10766, 10707
10796, 10725
10804, 10744
10806, 10751
10808, 10886
10820, 10861
10828, 10880
10829, 10875
10829, 10899
10830, 10901
10833, 10864
10834, 10843
10835, 10874
10836, 10905
10843, 10834
10845, 10863
10852, 10886
10852, 10890
10854, 10859
10854, 10867
10859, 10854
10859, 10867
10861, 10820
10863, 10845
10864, 10833
10867, 10854
10867, 10859
10874, 10835
10875, 10829
10875, 10899
10879, 10901
10880, 10828
10886, 10808
10886, 10852
10886, 10890
10888, 10898
10890, 10852
10890, 10886
10898, 10888
10899, 10829
10899, 10875
10901, 10830
10901, 10879
10905, 10836
10915, 10976
10918, 10986
10922, 10978
10935, 10975
10937, 11001
10939, 11006
10950, 10971
10953, 10954
10953, 10956
10954, 10953
10954, 10956
10956, 10953
10956, 10954
10967, 11002
10971, 10950
10975, 10935
10976, 10915
10978, 10922
10981, 11008
10986, 10918
11001, 10937
11002, 10967
11006, 10939
11008, 10981
11010, 11101
11021, 11083
11027, 11062
11030, 11033
11031, 11042
11032, 11061
11032, 11068
11032, 11069
11032, 11076
11033, 11030
11036, 11049
11039, 11051
11040, 11084
11042, 11031
11049, 11036
11051, 11039
11061, 11032
11061, 11076
11062, 11027
11068, 11032
11068, 11069
11068, 11076
11069, 11032
11069, 11068
11076, 11032
11076, 11061
11076, 11068
11083, 11021
11084, 11040
11101, 11010
11114, 11189
11129, 11146
11134, 11148
11137, 11177
11146, 11129
11147, 11203
11148, 11134
11169, 11185
11177, 11137
11185, 11169
11186, 11210
11189, 11114
11191, 11198
11192, 11194
11193, 11207
11194, 11192
11198, 11191
11200, 11206
11203, 11147
11206, 11200
11207, 11193
11210, 11186
11214, 11221
11216, 11232
11221, 11214
11222, 11233
11232, 11216
11233, 11222
11238, 11280
11242, 11256
11244, 11257
11251, 11273
11256, 11242
11257, 11244
11258, 11289
11271, 11272
11272, 11271
11273, 11251
11279, 11287
11280, 11238
11287, 11279
11289, 11258
11295, 11298
11298, 11295
11319, 11322
11319, 11333
11322, 11319
11323, 11333
11327, 11366
11333, 11319
11333, 11323
11339, 11345
11343, 11358
11343, 11386
11345, 11339
11352, 11374
11355, 11395
11358, 11343
11358, 11386
11366, 11327
11374, 11352
11386, 11343
11386, 11358
11395, 11355
11414, 11424
11415, 11442
11419, 11497
11424, 11414
11435, 11455
11435, 11491
11442, 11415
11448, 11460
11450, 11473
11452, 11469
11452, 11510
11453, 11475
11454, 11512
11455, 11435
11460, 11448
11460, 11480
11463, 11472
11469, 11452
11469, 11510
11472, 11463
11473, 11450
11475, 11453
11480, 11460
11482, 11507
11483, 11485
11485, 11483
11485, 11511
11491, 11435
11497, 11419
11507, 11482
11510, 11452
11510, 11469
11511, 11485
11512, 11454
11519, 11579
11523, 11564
11525, 11561
11526, 11528
11528, 11526
11535, 11582
11536, 11586
11542, 11550
11542, 11615
11550, 11542
11550, 11615
11555, 11597
11561, 11525
11564, 11523
11567, 11581
11579, 11519
11581, 11567
11582, 11535
11583, 11613
11585, 11590
11586, 11536
11590, 11585
11593, 11606
11597, 11555
11606, 11593
11613, 11583
11615, 11542
11615, 11550
11616, 11692
11622, 11638
11626, 11637
11627, 11661
11634, 11635
11634, 11684
11635, 11634
11635, 11684
11637, 11626
11638, 11622
11639, 11712
11650, 11656
11656, 11650
11661, 11627
11664, 11716
11665, 11670
11667, 11673
11668, 11682
11668, 11687
11670, 11665
11673, 11667
11682, 11668
11682, 11687
11684, 11634
11684, 11635
11687, 11668
11687, 11682
11692, 11616
11697, 11705
11701, 11704
11704, 11701
11705, 11697
11712, 11639
11716, 11664
11719, 11738
11719, 11788
11725, 11768
11727, 11760
11728, 11762
11730, 11781
11730, 11809
11735, 11784
11737, 11744
11738, 11719
11738, 11788
11742, 11780
11744, 11737
11754, 11808
11759, 11799
11760, 11727
11762, 11728
11768, 11725
11773, 11816
11775, 11776
11776, 11775
11777, 11788
11779, 11786
11780, 11742
11781, 11730
11784, 11735
11786, 11779
11788, 11719
11788, 11738
11788, 11777
11791, 11814
11797, 11802
11799, 11759
11802, 11797
11808, 11754
11809, 11730
11814, 11791
11816, 11773
11821, 11857
11826, 11878
11826, 11912
11827, 11910
11829, 11900
11830, 11911
11833, 11869
11840, 11853
11847, 11910
11853, 11840
11857, 11821
11862, 11896
11864, 11892
11865, 11890
11866, 11889
11869, 11833
11869, 11916
11877, 11918
11878, 11826
11878, 11912
11889, 11866
11890, 11865
11892, 11864
11896, 11862
11900, 11829
11910, 11827
11910, 11847
11911, 11830
11912, 11826
11912, 11878
11916, 11869
11918, 11877
11923, 11982
11924, 11998
11928, 11985
11931, 11953
11931, 12019
11934, 11978
11938, 12018
11945, 11996
11953, 11931
11953, 12019
11956, 11970
11962, 11967
11962, 12011
11967, 11962
11967, 12010
11970, 11956
11971, 11977
11977, 11971
11978, 11934
11982, 11923
11985, 11928
11986, 11993
11993, 11986
11996, 11945
11998, 11924
12010, 11967
12011, 11962
12018, 11938
12019, 11931
12019, 11953
12033, 12093
12046, 12057
12050, 12092
12057, 12046
12060, 12087
12064, 12068
12064, 12079
12068, 12064
12068, 12079
12071, 12080
12074, 12112
12079, 12064
12079, 12068
12080, 12071
12087, 12060
12088, 12090
12090, 12088
12092, 12050
12093, 12033
12103, 12109
12109, 12103
12112, 12074
12137, 12154
12137, 12175
12151, 12198
12153, 12217
12153, 12218
12154, 12137
12161, 12179
12175, 12137
12179, 12161
12198, 12151
12217, 12153
12217, 12218
12218, 12153
12218, 12217
12230, 12300
12235, 12257
12238, 12260
12246, 12247
12246, 12287
12247, 12246
12247, 12287
12249, 12322
12254, 12304
12257, 12235
12257, 12298
12260, 12238
12263, 12282
12276, 12281
12276, 12288
12281, 12276
12282, 12263
12287, 12246
12287, 12247
12288, 12276
12298, 12257
12300, 12230
12304, 12254
12322, 12249
12327, 12422
12331, 12405
12332, 12367
12343, 12382
12345, 12352
12345, 12405
12352, 12345
12366, 12421
12367, 12332
12369, 12414
12382, 12343
12383, 12401
12387, 12414
12401, 12383
12403, 12413
12405, 12331
12405, 12345
12413, 12403
12414, 12369
12414, 12387
12421, 12366
12422, 12327
12429, 12511
12435, 12464
12435, 12508
12436, 12473
12439, 12451
12448, 12523
12451, 12439
12452, 12463
12454, 12458
12457, 12469
12457, 12486
12458, 12454
12462, 12499
12463, 12452
12464, 12435
12464, 12508
12469, 12457
12469, 12486
12473, 12436
12473, 12478
12478, 12473
12479, 12522
12481, 12497
12486, 12457
12486, 12469
12496, 12524
12497, 12481
12499, 12462
12508, 12435
12508, 12464
12511, 12429
12522, 12479
12523, 12448
12524, 12496
12531, 12618
12532, 12567
12533, 12583
12535, 12574
12536, 12558
12546, 12566
12551, 12555
12553, 12595
12555, 12551
12558, 12536
12566, 12546
12567, 12532
12571, 12599
12574, 12535
12575, 12624
12579, 12602
12583, 12533
12584, 12594
12586, 12587
12587, 12586
12594, 12584
12595, 12553
12599, 12571
12602, 12579
12604, 12623
12618, 12531
12623, 12604
12624, 12575
12630, 12656
12639, 12685
12640, 12722
12641, 12702
12647, 12686
12656, 12630
12660, 12680
12670, 12678
12675, 12688
12675, 12708
12675, 12723
12677, 12692
12677, 12700
12678, 12670
12680, 12660
12685, 12639
12686, 12647
12688, 12675
12688, 12708
12688, 12723
12692, 12677
12692, 12700
12700, 12677
12700, 12692
12702, 12641
12703, 12726
12708, 12675
12708, 12688
12708, 12723
12722, 12640
12723, 12675
12723, 12688
12723, 12708
12726, 12703
12727, 12740
12737, 12739
12739, 12737
12740, 12727
12746, 12754
12748, 12791
12748, 12827
12750, 12795
12754, 12746
12764, 12780
12772, 12786
12776, 12782
12780, 12764
12782, 12776
12786, 12772
12791, 12748
12795, 12750
12827, 12748
12828, 12887
12830, 12842
12838, 12844
12842, 12830
12844, 12838
12845, 12865
12848, 12879
12848, 12925
12849, 12877
12858, 12862
12862, 12858
12865, 12845
12877, 12849
12878, 12895
12879, 12848
12879, 12925
12881, 12926
12887, 12828
12887, 12906
12889, 12899
12895, 12878
12899, 12889
12906, 12887
12925, 12848
12925, 12879
12926, 12881
12929, 13006
12942, 12973
12945, 12980
12946, 12952
12948, 12995
12950, 12991
12950, 13002
12952, 12946
12961, 12971
12970, 12996
12971, 12961
12973, 12942
12974, 13011
12976, 12978
12978, 12976
12980, 12945
12986, 13021
12991, 12950
12995, 12948
12995, 13021
12996, 12970
13002, 12950
13006, 12929
13011, 12974
13021, 12986
13021, 12995
13032, 13042
13033, 13065
13039, 13104
13039, 13122
13042, 13032
13064, 13070
13065, 13033
13070, 13064
13072, 13088
13084, 13106
13088, 13072
13101, 13127
13104, 13039
13104, 13122
13105, 13124
13106, 13084
13110, 13115
13115, 13110
13116, 13119
13119, 13116
13122, 13039
13122, 13104
13124, 13105
13127, 13101
13131, 13195
13132, 13215
13138, 13183
13141, 13193
13157, 13227
13161, 13169
13163, 13182
13168, 13183
13169, 13161
13170, 13177
13175, 13200
13177, 13170
13182, 13163
13183, 13138
13183, 13168
13191, 13207
13193, 13141
13195, 13131
13199, 13213
13199, 13231
13200, 13175
13207, 13191
13213, 13199
13213, 13231
13215, 13132
13227, 13157
13231, 13199
13231, 13213
13236, 13283
13245, 13268
13245, 13305
13246, 13281
13248, 13252
13250, 13272
13250, 13309
13252, 13248
13264, 13289
13266, 13324
13268, 13245
13268, 13305
13269, 13314
13272, 13250
13272, 13309
13276, 13301
13277, 13329
13278, 13310
13281, 13246
13282, 13297
13283, 13236
13289, 13264
13290, 13291
13291, 13290
13297, 13282
13301, 13276
13305, 13245
13305, 13268
13309, 13250
13309, 13272
13310, 13278
13314, 13269
13324, 13266
13329, 13277
13337, 13402
13338, 13417
13339, 13346
13339, 13433
13340, 13372
13343, 13350
13344, 13409
13346, 13339
13346, 13433
13350, 13343
13358, 13391
13363, 13379
13368, 13387
13372, 13340
13374, 13376
13376, 13374
13376, 13396
13378, 13397
13379, 13363
13387, 13368
13390, 13432
13391, 13358
13396, 13376
13397, 13378
13402, 13337
13409, 13344
13413, 13418
13417, 13338
13418, 13413
13420, 13423
13423, 13420
13432, 13390
13433, 13339
13433, 13346
13442, 13479
13444, 13501
13445, 13486
13445, 13507
13447, 13496
13448, 13460
13448, 13525
13454, 13461
13457, 13504
13458, 13466
13458, 13475
13459, 13484
13459, 13488
13460, 13448
13460, 13525
13461, 13454
13462, 13484
13466, 13458
13466, 13475
13469, 13485
13469, 13493
13475, 13458
13475, 13466
13479, 13442
13484, 13459
13484, 13462
13485, 13469
13485, 13493
13486, 13445
13488, 13459
13492, 13507
13493, 13469
13493, 13485
13496, 13447
13501, 13444
13504, 13457
13507, 13445
13507, 13492
13525, 13448
13525, 13460
13538, 13580
13538, 13601
13539, 13561
13541, 13612
13546, 13631
13550, 13578
13555, 13590
13556, 13606
13557, 13634
13561, 13539
13569, 13633
13573, 13594
13573, 13619
13576, 13589
13578, 13550
13580, 13538
13580, 13601
13581, 13632
13589, 13576
13590, 13555
13594, 13573
13594, 13619
13596, 13628
13599, 13634
13601, 13538
13601, 13580
13606, 13556
13612, 13541
13615, 13623
13616, 13618
13618, 13616
13619, 13573
13619, 13594
13620, 13622
13622, 13620
13623, 13615
13628, 13596
13631, 13546
13632, 13581
13633, 13569
13634, 13557
13634, 13599
13638, 13643
13643, 13638
13645, 13679
13647, 13682
13658, 13663
13663, 13658
13666, 13718
13669, 13680
13672, 13683
13676, 13696
13679, 13645
13680, 13669
13682, 13647
13683, 13672
13685, 13688
13688, 13685
13694, 13733
13696, 13676
13697, 13708
13708, 13697
13709, 13728
13718, 13666
13728, 13709
13733, 13694
13741, 13779
13744, 13801
13776, 13834
13777, 13783
13779, 13741
13783, 13777
13790, 13792
13791, 13799
13792, 13790
13796, 13815
13799, 13791
13801, 13744
13804, 13808
13808, 13804
13815, 13796
13834, 13776
13845, 13854
13845, 13887
13846, 13895
13849, 13873
13849, 13886
13850, 13864
13854, 13845
13857, 13896
13857, 13914
13858, 13867
13859, 13916
13864, 13850
13867, 13858
13871, 13885
13873, 13849
13884, 13898
13885, 13871
13886, 13849
13887, 13845
13895, 13846
13896, 13857
13896, 13914
13898, 13884
13905, 13935
13914, 13857
13914, 13896
13916, 13859
13920, 13930
13930, 13920
13931, 13936
13935, 13905
13936, 13931
13942, 13978
13950, 13998
13951, 13965
13952, 13982
13955, 14031
13965, 13951
13967, 14006
13978, 13942
13979, 13980
13980, 13979
13982, 13952
13985, 13993
13985, 14021
13986, 14016
13987, 13988
13988, 13987
13993, 13985
13993, 14021
13998, 13950
14006, 13967
14012, 14037
14016, 13986
14021, 13985
14021, 13993
14031, 13955
14037, 14012
14040, 14133
14053, 14106
14068, 14081
14074, 14103
14075, 14115
14081, 14068
14097, 14104
14103, 14074
14104, 14097
14106, 14053
14114, 14132
14115, 14075
14132, 14114
14133, 14040
14142, 14210
14144, 14195
14144, 14205
14145, 14202
14152, 14154
14154, 14152
14155, 14177
14177, 14155
14186, 14239
14187, 14217
14195, 14144
14195, 14205
14200, 14237
14202, 14145
14205, 14144
14205, 14195
14208, 14220
14210, 14142
14217, 14187
14220, 14208
14221, 14228
14228, 14221
14237, 14200
14239, 14186
14245, 14254
14248, 14287
14249, 14269
14249, 14279
14252, 14300
14254, 14245
14255, 14318
14256, 14312
14257, 14286
14269, 14249
14269, 14279
14279, 14249
14279, 14269
14283, 14324
14286, 14257
14287, 14248
14291, 14302
14293, 14339
14293, 14340
14300, 14252
14302, 14291
14305, 14320
14306, 14324
14312, 14256
14318, 14255
14320, 14305
14322, 14329
14324, 14283
14324, 14306
14329, 14322
14339, 14293
14339, 14340
14340, 14293
14340, 14339
14346, 14425
14347, 14440
14353, 14443
14355, 14360
14360, 14355
14365, 14398
14368, 14376
14375, 14385
14376, 14368
14384, 14419
14385, 14375
14395, 14397
14397, 14395
14398, 14365
14409, 14418
14418, 14409
14419, 14384
14425, 14346
14440, 14347
14443, 14353
14452, 14507
14455, 14514
14460, 14461
14461, 14460
14465, 14481
14466, 14469
14469, 14466
14478, 14487
14481, 14465
14487, 14478
14499, 14522
14507, 14452
14514, 14455
14522, 14499
14540, 14542
14542, 14540
14549, 14566
14555, 14573
14558, 14596
14559, 14627
14566, 14549
14570, 14644
14572, 14619
14573, 14555
14579, 14598
14584, 14633
14584, 14640
14589, 14590
14589, 14629
14590, 14589
14590, 14629
14591, 14621
14596, 14558
14597, 14645
14598, 14579
14618, 14641
14619, 14572
14621, 14591
14623, 14642
14627, 14559
14629, 14589
14629, 14590
14630, 14635
14633, 14584
14633, 14640
14635, 14630
14640, 14584
14640, 14633
14641, 14618
14642, 14623
14644, 14570
14645, 14597
14650, 14657
14650, 14667
14652, 14695
14657, 14650
14657, 14746
14663, 14730
14667, 14650
14669, 14698
14682, 14720
14689, 14694
14689, 14722
14694, 14689
14694, 14722
14695, 14652
14698, 14669
14713, 14719
14719, 14713
14720, 14682
14722, 14689
14722, 14694
14730, 14663
14746, 14657
14747, 14831
14750, 14838
14753, 14818
14754, 14782
14758, 14798
14762, 14782
14766, 14802
14768, 14824
14779, 14811
14781, 14805
14781, 14822
14781, 14829
14782, 14754
14782, 14762
14784, 14787
14787, 14784
14798, 14758
14799, 14829
14802, 14766
14805, 14781
14805, 14822
14805, 14829
14806, 14839
14807, 14841
14811, 14779
14818, 14753
14822, 14781
14822, 14805
14822, 14829
14824, 14768
14829, 14781
14829, 14799
14829, 14805
14829, 14822
14831, 14747
14833, 14842
14838, 14750
14839, 14806
14841, 14807
14842, 14833
14850, 14852
14852, 14850
14856, 14921
14861, 14869
14863, 14892
14864, 14940
14865, 14876
14868, 14869
14869, 14861
14869, 14868
14870, 14904
14876, 14865
14880, 14893
14889, 14915
14890, 14919
14890, 14923
14890, 14924
14892, 14863
14893, 14880
14899, 14901
14901, 14899
14904, 14870
14915, 14889
14919, 14890
14919, 14923
14919, 14924
14921, 14856
14923, 14890
14923, 14919
14923, 14924
14924, 14890
14924, 14919
14924, 14923
14940, 14864
14951, 14965
14955, 14990
14956, 15013
14956, 15045
14959, 15041
14960, 14979
14960, 15000
14960, 15003
14962, 14969
14965, 14951
14969, 14962
14972, 15049
14979, 14960
14979, 15000
14979, 15003
14981, 15008
14982, 15040
14989, 15002
14990, 14955
14990, 15031
14995, 15001
14995, 15046
14996, 15021
15000, 14960
15000, 14979
15000, 15003
15001, 14995
15002, 14989
15003, 14960
15003, 14979
15003, 15000
15008, 14981
15009, 15016
15013, 14956
15013, 15045
15016, 15009
15020, 15023
15021, 14996
15023, 15020
15024, 15047
15031, 14990
15040, 14982
15040, 15042
15041, 14959
15042, 15040
15045, 14956
15045, 15013
15046, 14995
15047, 15024
15049, 14972
15056, 15126
15057, 15142
15058, 15114
15060, 15098
15067, 15073
15067, 15088
15067, 15110
15068, 15089
15071, 15092
15073, 15067
15073, 15088
15073, 15110
15083, 15094
15083, 15144
15084, 15119
15088, 15067
15088, 15073
15088, 15148
15089, 15068
15092, 15071
15094, 15083
15094, 15144
15096, 15101
15098, 15060
15101, 15096
15110, 15067
15110, 15073
15114, 15058
15119, 15084
15126, 15056
15142, 15057
15142, 15147
15144, 15083
15144, 15094
15147, 15142
15148, 15088
15152, 15237
15153, 15212
15163, 15164
15164, 15163
15167, 15248
15180, 15183
15180, 15193
15183, 15180
15183, 15193
15191, 15217
15193, 15180
15193, 15183
15201, 15213
15205, 15214
15212, 15153
15213, 15201
15214, 15205
15217, 15191
15237, 15152
15248, 15167
15260, 15286
15260, 15329
15264, 15343
15281, 15345
15284, 15292
15286, 15260
15286, 15329
15290, 15331
15292, 15284
15295, 15306
15304, 15322
15306, 15295
15307, 15335
15320, 15323
15322, 15304
15323, 15320
15329, 15260
15329, 15286
15331, 15290
15334, 15344
15335, 15307
15343, 15264
15344, 15334
15345, 15281
15353, 15435
15355, 15369
15359, 15411
15361, 15446
15362, 15397
15366, 15408
15369, 15355
15380, 15394
15394, 15380
15396, 15431
15397, 15362
15402, 15424
15402, 15430
15407, 15429
15408, 15366
15411, 15359
15412, 15413
15413, 15412
15421, 15432
15424, 15402
15424, 15430
15429, 15407
15430, 15402
15430, 15424
15431, 15396
15432, 15421
15435, 15353
15446, 15361
15457, 15488
15465, 15475
15470, 15522
15475, 15465
15480, 15530
15480, 15551
15486, 15487
15486, 15501
15487, 15486
15487, 15501
15488, 15457
15489, 15500
15489, 15536
15489, 15554
15491, 15552
15494, 15512
15500, 15489
15500, 15536
15500, 15554
15501, 15486
15501, 15487
15512, 15494
15521, 15528
15522, 15470
15522, 15531
15528, 15521
15530, 15480
15530, 15551
15531, 15522
15536, 15489
15536, 15500
15536, 15554
15551, 15480
15551, 15530
15552, 15491
15554, 15489
15554, 15500
15554, 15536
15558, 15583
15561, 15594
15564, 15565
15565, 15564
15568, 15587
15570, 15591
15571, 15587
15578, 15625
15581, 15614
15582, 15588
15583, 15558
15584, 15596
15587, 15568
15587, 15571
15588, 15582
15591, 15570
15592, 15617
15592, 15629
15594, 15561
15595, 15613
15596, 15584
15598, 15618
15598, 15633
15609, 15617
15612, 15631
15613, 15595
15614, 15581
15617, 15592
15617, 15609
15617, 15629
15618, 15598
15625, 15578
15629, 15592
15629, 15617
15631, 15612
15633, 15598
15637, 15654
15654, 15637
15658, 15687
15660, 15704
15665, 15694
15674, 15708
15687, 15658
15691, 15728
15691, 15750
15693, 15740
15694, 15665
15697, 15715
15704, 15660
15706, 15708
15708, 15674
15708, 15706
15711, 15751
15715, 15697
15728, 15691
15728, 15750
15740, 15693
15750, 15691
15750, 15728
15751, 15711
15757, 15760
15759, 15763
15760, 15757
15763, 15759
15767, 15802
15767, 15834
15768, 15804
15769, 15779
15772, 15856
15775, 15792
15775, 15798
15775, 15813
15775, 15854
15776, 15781
15778, 15787
15778, 15830
15779, 15769
15781, 15776
15787, 15778
15787, 15811
15791, 15797
15791, 15810
15792, 15775
15792, 15798
15792, 15813
15792, 15854
15797, 15791
15797, 15810
15798, 15775
15798, 15792
15798, 15813
15798, 15854
15802, 15767
15802, 15834
15803, 15808
15804, 15768
15808, 15803
15810, 15791
15810, 15797
15811, 15787
15813, 15775
15813, 15792
15813, 15798
15813, 15854
15830, 15778
15834, 15767
15834, 15802
15854, 15775
15854, 15792
15854, 15798
15854, 15813
15856, 15772
15862, 15901
15864, 15925
15867, 15934
15880, 15884
15880, 15955
15884, 15880
15893, 15936
15901, 15862
15901, 15918
15902, 15918
15904, 15916
15905, 15955
15916, 15904
15918, 15901
15918, 15902
15925, 15864
15934, 15867
15936, 15893
15955, 15880
15955, 15905
15965, 16056
15968, 16050
15970, 16027
15988, 15995
15993, 15999
15995, 15988
15996, 16020
15999, 15993
16004, 16036
16005, 16025
16010, 16036
16016, 16033
16020, 15996
16025, 16005
16027, 15970
16033, 16016
16036, 16004
16036, 16010
16050, 15968
16056, 15965
16062, 16092
16063, 16095
16063, 16131
16064, 16159
16072, 16105
16080, 16092
16082, 16119
16083, 16087
16086, 16126
16086, 16134
16087, 16083
16092, 16062
16092, 16080
16095, 16063
16095, 16131
16099, 16128
16105, 16072
16119, 16082
16126, 16086
16126, 16134
16128, 16099
16131, 16063
16131, 16095
16134, 16086
16134, 16126
16159, 16064
16161, 16215
16164, 16210
16166, 16200
16169, 16181
16173, 16202
16178, 16249
16181, 16169
16195, 16258
16200, 16166
16202, 16173
16204, 16260
16207, 16234
16210, 16164
16213, 16240
16214, 16250
16215, 16161
16228, 16229
16229, 16228
16234, 16207
16236, 16242
16236, 16244
16240, 16213
16242, 16236
16242, 16244
16244, 16236
16244, 16242
16249, 16178
16250, 16214
16258, 16195
16260, 16204
16263, 16281
16269, 16270
16270, 16269
16280, 16355
16281, 16263
16281, 16324
16285, 16316
16301, 16319
16301, 16322
16303, 16311
16303, 16337
16305, 16306
16305, 16308
16306, 16305
16308, 16305
16311, 16303
16311, 16337
16316, 16285
16319, 16301
16322, 16301
16324, 16281
16330, 16358
16331, 16340
16337, 16303
16337, 16311
16340, 16331
16355, 16280
16358, 16330
16375, 16393
16375, 16406
16376, 16441
16376, 16455
16378, 16387
16387, 16378
16393, 16375
16393, 16406
16395, 16414
16395, 16437
16396, 16433
16406, 16375
16406, 16393
16408, 16462
16409, 16421
16412, 16418
16414, 16395
16418, 16412
16421, 16409
16429, 16462
16430, 16431
16431, 16430
16433, 16396
16437, 16395
16441, 16376
16441, 16455
16455, 16376
16455, 16441
16462, 16408
16462, 16429
16465, 16553
16471, 16475
16475, 16471
16475, 16508
16486, 16524
16505, 16530
16506, 16522
16508, 16475
16509, 16557
16517, 16523
16522, 16506
16523, 16517
16524, 16486
16527, 16539
16530, 16505
16539, 16527
16540, 16560
16553, 16465
16557, 16509
16560, 16540
16565, 16605
16569, 16638
16574, 16635
16575, 16616
16577, 16597
16578, 16598
16579, 16628
16581, 16594
16591, 16619
16594, 16581
16597, 16577
16598, 16578
16605, 16565
16608, 16639
16610, 16665
16611, 16616
16613, 16614
16614, 16613
16616, 16575
16616, 16611
16619, 16591
16620, 16632
16628, 16579
16632, 16620
16635, 16574
16638, 16569
16639, 16608
16641, 16658
16658, 16641
16665, 16610
16676, 16712
16678, 16757
16681, 16688
16681, 16713
16684, 16720
16685, 16735
16686, 16758
16688, 16681
16688, 16709
16688, 16713
16694, 16761
16698, 16699
16699, 16698
16700, 16727
16704, 16736
16706, 16733
16709, 16688
16709, 16748
16712, 16676
16713, 16681
16713, 16688
16719, 16741
16720, 16684
16727, 16700
16733, 16706
16735, 16685
16736, 16704
16738, 16748
16741, 16719
16748, 16709
16748, 16738
16757, 16678
16758, 16686
16761, 16694
16769, 16795
16773, 16801
16774, 16784
16779, 16821
16780, 16793
16780, 16813
16782, 16840
16784, 16774
16793, 16780
16793, 16813
16795, 16769
16796, 16845
16796, 16866
16800, 16814
16801, 16773
16804, 16864
16807, 16808
16808, 16807
16810, 16815
16812, 16825
16813, 16780
16813, 16793
16814, 16800
16815, 16810
16821, 16779
16825, 16812
16837, 16863
16840, 16782
16845, 16796
16847, 16857
16857, 16847
16863, 16837
16864, 16804
16866, 16796
16871, 16950
16884, 16935
16893, 16898
16895, 16915
16895, 16946
16898, 16893
16900, 16928
16902, 16938
16906, 16936
16909, 16917
16913, 16916
16915, 16895
16915, 16946
16916, 16913
16917, 16909
16928, 16900
16931, 16941
16935, 16884
16936, 16906
16938, 16902
16941, 16931
16946, 16895
16946, 16915
16950, 16871
16972, 17023
16972, 17036
16975, 17008
16982, 17047
16986, 17010
16991, 17015
16996, 17032
17003, 17024
17003, 17060
17008, 16975
17010, 16986
17015, 16991
17018, 17044
17020, 17062
17023, 16972
17024, 17003
17024, 17060
17032, 16996
17036, 16972
17044, 17018
17047, 16982
17060, 17003
17060, 17024
17062, 17020
17070, 17141
17073, 17105
17077, 17104
17079, 17167
17081, 17115
17083, 17144
17084, 17094
17085, 17137
17094, 17084
17095, 17108
17096, 17140
17104, 17077
17105, 17073
17107, 17161
17107, 17164
17108, 17095
17115, 17081
17137, 17085
17140, 17096
17141, 17070
17144, 17083
17153, 17159
17159, 17153
17161, 17107
17161, 17164
17164, 17107
17164, 17161
17167, 17079
17173, 17193
17177, 17192
17180, 17239
17182, 17205
17182, 17235
17185, 17270
17187, 17197
17191, 17204
17191, 17219
17192, 17177
17193, 17173
17197, 17187
17200, 17242
17204, 17191
17204, 17219
17205, 17182
17205, 17235
17219, 17191
17219, 17204
17228, 17240
17229, 17253
17235, 17182
17235, 17205
17239, 17180
17240, 17228
17242, 17200
17253, 17229
17270, 17185
17276, 17366
17278, 17317
17281, 17300
17281, 17348
17283, 17335
17289, 17368
17292, 17369
17300, 17281
17300, 17348
17309, 17363
17317, 17278
17322, 17344
17335, 17283
17344, 17322
17348, 17281
17348, 17300
17351, 17358
17354, 17364
17358, 17351
17363, 17309
17364, 17354
17366, 17276
17368, 17289
17369, 17292
17383, 17437
17384, 17469
17392, 17473
17395, 17405
17396, 17422
17400, 17464
17401, 17449
17403, 17446
17405, 17395
17407, 17450
17422, 17396
17426, 17440
17430, 17470
17437, 17383
17440, 17426
17446, 17403
17449, 17401
17450, 17407
17461, 17463
17463, 17461
17464, 17400
17469, 17384
17470, 17430
17473, 17392
17477, 17488
17482, 17531
17483, 17494
17483, 17508
17484, 17533
17484, 17534
17485, 17525
17488, 17477
17489, 17532
17490, 17504
17491, 17513
17492, 17520
17493, 17536
17494, 17483
17494, 17508
17504, 17490
17508, 17483
17508, 17494
17509, 17556
17513, 17491
17514, 17569
17517, 17533
17520, 17492
17523, 17535
17525, 17485
17529, 17540
17531, 17482
17532, 17489
17533, 17484
17533, 17517
17533, 17534
17534, 17484
17534, 17533
17535, 17523
17536, 17493
17540, 17529
17541, 17550
17550, 17541
17556, 17509
17569, 17514
17581, 17617
17582, 17610
17585, 17590
17586, 17608
17587, 17601
17587, 17617
17590, 17585
17596, 17653
17598, 17623
17601, 17587
17601, 17617
17603, 17638
17605, 17651
17608, 17586
17609, 17668
17610, 17582
17614, 17624
17616, 17622
17617, 17581
17617, 17587
17617, 17601
17622, 17616
17623, 17598
17623, 17629
17624, 17614
17626, 17641
17629, 17623
17632, 17674
17638, 17603
17639, 17667
17641, 17626
17642, 17668
17646, 17674
17651, 17605
17653, 17596
17667, 17639
17668, 17609
17668, 17642
17674, 17632
17674, 17646
17682, 17731
17688, 17721
17697, 17714
17697, 17727
17699, 17758
17709, 17722
17713, 17742
17714, 17697
17719, 17769
17720, 17724
17720, 17726
17720, 17754
17721, 17688
17722, 17709
17724, 17720
17724, 17754
17726, 17720
17727, 17697
17728, 17750
17731, 17682
17733, 17749
17742, 17713
17748, 17768
17749, 17733
17750, 17728
17754, 17720
17754, 17724
17758, 17699
17768, 17748
17769, 17719
17777, 17838
17779, 17811
17779, 17818
17786, 17812
17786, 17829
17788, 17847
17795, 17873
17799, 17851
17807, 17819
17811, 17779
17811, 17818
17812, 17786
17818, 17779
17818, 17811
17818, 17837
17819, 17807
17820, 17851
17829, 17786
17837, 17818
17838, 17777
17841, 17870
17847, 17788
17851, 17799
17851, 17820
17863, 17872
17870, 17841
17872, 17863
17873, 17795
17878, 17908
17887, 17926
17891, 17977
17893, 17911
17898, 17923
17898, 17942
17900, 17907
17907, 17900
17908, 17878
17911, 17893
17916, 17967
17917, 17938
17917, 17944
17921, 17941
17923, 17898
17923, 17942
17924, 17954
17926, 17887
17937, 17956
17938, 17917
17938, 17944
17941, 17921
17942, 17898
17942, 17923
17944, 17917
17944, 17938
17946, 17948
17948, 17946
17951, 17960
17952, 17975
17954, 17924
17955, 17978
17956, 17937
17959, 17964
17960, 17951
17964, 17959
17967, 17916
17970, 17975
17975, 17952
17975, 17970
17977, 17891
17978, 17955
17985, 18053
17986, 18002
17990, 18001
17990, 18061
17999, 18024
18001, 17990
18001, 18061
18002, 17986
18009, 18020
18009, 18056
18011, 18028
18012, 18014
18014, 18012
18020, 18009
18020, 18056
18024, 17999
18028, 18011
18028, 18033
18028, 18050
18033, 18028
18033, 18050
18039, 18055
18043, 18045
18045, 18043
18050, 18028
18050, 18033
18053, 17985
18055, 18039
18056, 18009
18056, 18020
18061, 17990
18061, 18001
18080, 18114
18085, 18161
18087, 18163
18088, 18115
18096, 18134
18098, 18119
18099, 18112
18112, 18099
18114, 18080
18115, 18088
18116, 18142
18119, 18098
18121, 18172
18121, 18177
18124, 18130
18130, 18124
18131, 18147
18131, 18172
18131, 18177
18132, 18151
18134, 18096
18142, 18116
18147, 18131
18147, 18172
18147, 18177
18148, 18171
18151, 18132
18161, 18085
18163, 18087
18171, 18148
18172, 18121
18172, 18131
18172, 18147
18172, 18177
18177, 18121
18177, 18131
18177, 18147
18177, 18172
18191, 18195
18191, 18233
18195, 18191
18198, 18219
18201, 18281
18203, 18214
18203, 18257
18203, 18263
18206, 18280
18214, 18203
18214, 18263
18219, 18198
18220, 18241
18223, 18272
18233, 18191
18238, 18250
18239, 18274
18241, 18220
18250, 18238
18257, 18203
18259, 18278
18263, 18203
18263, 18214
18272, 18223
18274, 18239
18278, 18259
18280, 18206
18281, 18201
18282, 18373
18286, 18309
18294, 18335
18296, 18299
18298, 18341
18299, 18296
18300, 18315
18304, 18311
18308, 18378
18309, 18286
18311, 18304
18315, 18300
18323, 18336
18324, 18355
18328, 18346
18328, 18349
18331, 18340
18335, 18294
18336, 18323
18340, 18331
18341, 18298
18343, 18364
18344, 18359
18346, 18328
18346, 18349
18349, 18328
18349, 18346
18355, 18324
18359, 18344
18364, 18343
18373, 18282
18378, 18308
18383, 18465
18393, 18459
18394, 18395
18394, 18423
18395, 18394
18395, 18423
18399, 18441
18401, 18416
18401, 18436
18409, 18480
18415, 18434
18416, 18401
18416, 18418
18416, 18436
18418, 18416
18423, 18394
18423, 18395
18428, 18460
18434, 18415
18436, 18401
18436, 18416
18438, 18447
18441, 18399
18447, 18438
18459, 18393
18460, 18428
18465, 18383
18480, 18409
18487, 18530
18487, 18543
18492, 18500
18494, 18519
18500, 18492
18519, 18494
18524, 18529
18528, 18533
18528, 18581
18529, 18524
18530, 18487
18530, 18543
18533, 18528
18533, 18581
18538, 18551
18543, 18487
18543, 18530
18545, 18547
18547, 18545
18551, 18538
18581, 18528
18581, 18533
18590, 18664
18596, 18620
18596, 18645
18604, 18677
18611, 18646
18612, 18683
18620, 18596
18620, 18630
18620, 18645
18626, 18649
18628, 18633
18630, 18620
18633, 18628
18637, 18643
18637, 18676
18638, 18661
18643, 18637
18643, 18676
18645, 18596
18645, 18620
18646, 18611
18649, 18626
18651, 18656
18656, 18651
18661, 18638
18664, 18590
18676, 18637
18676, 18643
18677, 18604
18683, 18612
18688, 18714
18694, 18778
18696, 18734
18702, 18713
18705, 18758
18707, 18761
18708, 18737
18713, 18702
18713, 18730
18714, 18688
18714, 18757
18718, 18730
18725, 18756
18726, 18732
18730, 18713
18730, 18718
18732, 18726
18734, 18696
18737, 18708
18741, 18777
18745, 18786
18747, 18752
18748, 18755
18750, 18779
18752, 18747
18754, 18764
18755, 18748
18756, 18725
18757, 18714
18758, 18705
18761, 18707
18764, 18754
18766, 18776
18776, 18766
18777, 18741
18778, 18694
18779, 18750
18786, 18745
18787, 18816
18787, 18848
18794, 18820
18800, 18845
18816, 18787
18816, 18848
18819, 18829
18820, 18794
18824, 18840
18829, 18819
18830, 18846
18838, 18871
18840, 18824
18845, 18800
18846, 18830
18848, 18787
18848, 18816
18862, 18884
18871, 18838
18884, 18862
18890, 18962
18896, 18899
18897, 18960
18897, 18970
18899, 18896
18901, 18982
18915, 18966
18917, 18940
18929, 18970
18933, 18954
18940, 18917
18954, 18933
18960, 18897
18962, 18890
18963, 18986
18966, 18915
18970, 18897
18970, 18929
18982, 18901
18986, 18963
18989, 19056
18990, 19029
18990, 19050
18991, 19089
18992, 19010
18996, 19027
18999, 19055
19001, 19073
19001, 19082
19002, 19081
19010, 18992
19011, 19060
19015, 19088
19027, 18996
19029, 18990
19029, 19050
19032, 19068
19042, 19072
19043, 19047
19047, 19043
19050, 18990
19050, 19029
19055, 18999
19056, 18989
19060, 19011
19068, 19032
19072, 19042
19073, 19001
19078, 19087
19081, 19002
19082, 19001
19087, 19078
19088, 19015
19089, 18991
19094, 19123
19094, 19133
19094, 19189
19096, 19103
19096, 19149
19099, 19110
19103, 19096
19103, 19149
19104, 19127
19110, 19099
19116, 19154
19123, 19094
19123, 19133
19123, 19189
19124, 19161
19127, 19104
19132, 19138
19132, 19163
19133, 19094
19133, 19123
19133, 19189
19134, 19147
19135, 19165
19135, 19167
19138, 19132
19138, 19163
19142, 19148
19144, 19158
19147, 19134
19148, 19142
19149, 19096
19149, 19103
19154, 19116
19158, 19144
19161, 19124
19163, 19132
19163, 19138
19165, 19135
19165, 19167
19167, 19135
19167, 19165
19181, 19182
19182, 19181
19189, 19094
19189, 19123
19189, 19133
19197, 19231
19202, 19226
19203, 19244
19206, 19210
19207, 19220
19208, 19211
19208, 19249
19210, 19206
19211, 19208
19211, 19249
19213, 19260
19220, 19207
19225, 19260
19226, 19202
19229, 19282
19231, 19197
19232, 19262
19234, 19273
19237, 19258
19240, 19251
19244, 19203
19249, 19208
19249, 19211
19251, 19240
19258, 19237
19259, 19287
19260, 19213
19260, 19225
19262, 19232
19273, 19234
19282, 19229
19287, 19259
19298, 19333
19299, 19344
19299, 19345
19303, 19369
19312, 19368
19313, 19374
19320, 19382
19325, 19334
19329, 19362
19332, 19335
19332, 19365
19333, 19298
19334, 19325
19335, 19332
19335, 19365
19337, 19392
19341, 19390
19344, 19299
19344, 19345
19345, 19299
19345, 19344
19346, 19353
19352, 19370
19353, 19346
19362, 19329
19365, 19332
19365, 19335
19368, 19312
19369, 19303
19370, 19352
19374, 19313
19382, 19320
19390, 19341
19392, 19337
19396, 19460
19399, 19459
19403, 19439
19405, 19486
19414, 19419
19419, 19414
19423, 19454
19434, 19447
19437, 19471
19439, 19403
19439, 19448
19447, 19434
19447, 19469
19448, 19439
19448, 19470
19452, 19459
19454, 19423
19459, 19399
19459, 19452
19460, 19396
19469, 19447
19470, 19448
19471, 19437
19486, 19405
19494, 19506
19503, 19519
19503, 19556
19505, 19514
19506, 19494
19511, 19558
19512, 19564
19514, 19505
19515, 19543
19517, 19591
19519, 19503
19519, 19556
19521, 19537
19528, 19578
19528, 19587
19530, 19594
19535, 19552
19537, 19521
19539, 19570
19540, 19557
19543, 19515
19545, 19587
19552, 19535
19553, 19592
19556, 19503
19556, 19519
19557, 19540
19558, 19511
19564, 19512
19570, 19539
19573, 19589
19578, 19528
19587, 19528
19587, 19545
19589, 19573
19591, 19517
19592, 19553
19594, 19530
19596, 19691
19599, 19640
19605, 19641
19605, 19672
19606, 19648
19609, 19671
19611, 19637
19613, 19618
19616, 19633
19618, 19613
19628, 19662
19630, 19654
19631, 19638
19633, 19616
19637, 19611
19638, 19631
19640, 19599
19641, 19605
19641, 19672
19643, 19653
19646, 19663
19648, 19606
19652, 19667
19653, 19643
19654, 19630
19657, 19686
19661, 19671
19662, 19628
19662, 19677
19663, 19646
19667, 19652
19671, 19609
19671, 19661
19672, 19605
19672, 19641
19677, 19662
19686, 19657
19691, 19596
19696, 19744
19698, 19787
19704, 19711
19707, 19755
19711, 19704
19717, 19730
19717, 19733
19717, 19772
19722, 19773
19730, 19717
19730, 19772
19733, 19717
19734, 19780
19736, 19789
19744, 19696
19744, 19770
19750, 19759
19755, 19707
19759, 19750
19762, 19763
19762, 19766
19762, 19788
19763, 19762
19763, 19766
19763, 19788
19766, 19762
19766, 19763
19766, 19788
19770, 19744
19772, 19717
19772, 19730
19773, 19722
19775, 19791
19780, 19734
19787, 19698
19788, 19762
19788, 19763
19788, 19766
19789, 19736
19791, 19775
19799, 19801
19799, 19875
19801, 19799
19801, 19875
19805, 19839
19807, 19857
19807, 19858
19810, 19818
19812, 19869
19818, 19810
19820, 19870
19820, 19894
19830, 19889
19836, 19864
19839, 19805
19840, 19879
19848, 19868
19857, 19807
19857, 19858
19858, 19807
19858, 19857
19864, 19836
19868, 19848
19869, 19812
19870, 19820
19870, 19872
19870, 19894
19872, 19870
19875, 19799
19875, 19801
19879, 19840
19889, 19830
19894, 19820
19894, 19870
19900, 19942
19902, 19976
19904, 19958
19905, 19966
19907, 19935
19914, 19991
19916, 19955
19921, 19996
19925, 19967
19935, 19907
19942, 19900
19946, 19961
19952, 19974
19953, 19982
19955, 19916
19955, 19959
19958, 19904
19959, 19955
19961, 19946
19966, 19905
19967, 19925
19974, 19952
19976, 19902
19982, 19953
19991, 19914
19991, 19995
19995, 19991
19996, 19921
20010, 20091
20025, 20071
20032, 20040
20033, 20048
20040, 20032
20043, 20058
20048, 20033
20050, 20067
20050, 20097
20058, 20043
20059, 20077
20059, 20096
20067, 20050
20067, 20097
20071, 20025
20077, 20059
20077, 20096
20079, 20084
20084, 20079
20085, 20087
20087, 20085
20091, 20010
20096, 20059
20096, 20077
20097, 20050
20097, 20067
20101, 20149
20102, 20146
20108, 20159
20109, 20173
20112, 20173
20118, 20177
20134, 20152
20146, 20102
20149, 20101
20152, 20134
20159, 20108
20159, 20175
20173, 20109
20173, 20112
20175, 20159
20177, 20118
20180, 20187
20187, 20180
20192, 20193
20193, 20192
20207, 20230
20207, 20262
20211, 20293
20214, 20268
20220, 20275
20221, 20246
20224, 20240
20224, 20252
20229, 20231
20230, 20207
20231, 20229
20233, 20265
20233, 20277
20235, 20250
20236, 20241
20238, 20294
20240, 20224
20240, 20252
20241, 20236
20242, 20247
20243, 20299
20246, 20221
20247, 20242
20247, 20275
20250, 20235
20252, 20224
20252, 20240
20262, 20207
20265, 20233
20265, 20277
20268, 20214
20270, 20283
20275, 20220
20275, 20247
20277, 20233
20277, 20265
20283, 20270
20292, 20294
20293, 20211
20294, 20238
20294, 20292
20299, 20243
20302, 20324
20307, 20309
20308, 20318
20309, 20307
20312, 20351
20313, 20399
20314, 20335
20314, 20361
20318, 20308
20322, 20402
20324, 20302
20332, 20362
20335, 20314
20335, 20361
20339, 20400
20342, 20369
20343, 20366
20348, 20356
20350, 20380
20351, 20312
20356, 20348
20359, 20373
20361, 20314
20361, 20335
20362, 20332
20364, 20372
20365, 20375
20366, 20343
20369, 20342
20372, 20364
20373, 20359
20375, 20365
20379, 20393
20380, 20350
20393, 20379
20399, 20313
20400, 20339
20402, 20322
20407, 20423
20411, 20466
20413, 20438
20413, 20443
20413, 20463
20415, 20499
20416, 20503
20420, 20485
20423, 20407
20423, 20451
20429, 20454
20437, 20471
20438, 20413
20438, 20443
20438, 20463
20443, 20413
20443, 20438
20443, 20463
20451, 20423
20454, 20429
20463, 20413
20463, 20438
20463, 20443
20466, 20411
20467, 20501
20469, 20501
20471, 20437
20485, 20420
20499, 20415
20501, 20467
20501, 20469
20503, 20416
20505, 20587
20508, 20579
20509, 20521
20515, 20547
20520, 20548
20521, 20509
20525, 20580
20530, 20552
20535, 20569
20539, 20575
20544, 20582
20547, 20515
20548, 20520
20552, 20530
20553, 20557
20557, 20553
20569, 20535
20570, 20580
20575, 20539
20579, 20508
20580, 20525
20580, 20570
20582, 20544
20582, 20597
20587, 20505
20597, 20582
20610, 20691
20613, 20679
20623, 20642
20626, 20649
20626, 20699
20642, 20623
20645, 20646
20645, 20666
20646, 20645
20646, 20656
20646, 20666
20647, 20681
20649, 20626
20649, 20699
20650, 20651
20651, 20650
20653, 20667
20656, 20646
20656, 20663
20663, 20656
20664, 20668
20666, 20645
20666, 20646
20667, 20653
20668, 20664
20673, 20689
20673, 20703
20679, 20613
20681, 20647
20687, 20702
20689, 20673
20689, 20703
20691, 20610
20692, 20693
20693, 20692
20699, 20626
20699, 20649
20702, 20687
20703, 20673
20703, 20689
20706, 20797
20713, 20759
20713, 20799
20722, 20782
20723, 20768
20727, 20746
20732, 20734
20732, 20740
20733, 20758
20734, 20732
20734, 20740
20740, 20732
20740, 20734
20743, 20768
20746, 20727
20747, 20779
20747, 20781
20758, 20733
20759, 20713
20759, 20799
20766, 20777
20768, 20723
20768, 20743
20777, 20766
20779, 20747
20779, 20781
20781, 20747
20781, 20779
20782, 20722
20789, 20795
20795, 20789
20797, 20706
20799, 20713
20799, 20759
20813, 20904
20817, 20856
20819, 20858
20821, 20852
20852, 20821
20856, 20817
20857, 20898
20858, 20819
20859, 20878
20878, 20859
20879, 20899
20882, 20898
20888, 20893
20893, 20888
20898, 20857
20898, 20882
20899, 20879
20900, 20907
20904, 20813
20907, 20900
20908, 20979
20914, 20983
20919, 20951
20928, 20990
20934, 20965
20938, 20940
20938, 20953
20940, 20938
20948, 20983
20951, 20919
20953, 20938
20961, 20966
20965, 20934
20966, 20961
20979, 20908
20983, 20914
20983, 20948
20990, 20928
21015, 21037
21015, 21064
21018, 21038
21024, 21052
21027, 21048
21037, 21015
21038, 21018
21046, 21062
21048, 21027
21052, 21024
21056, 21061
21060, 21082
21061, 21056
21062, 21046
21064, 21015
21075, 21076
21075, 21083
21076, 21075
21076, 21083
21082, 21060
21083, 21075
21083, 21076
21089, 21094
21094, 21089
21110, 21179
21113, 21192
21117, 21210
21118, 21209
21121, 21130
21122, 21148
21126, 21153
21130, 21121
21131, 21174
21144, 21184
21144, 21188
21148, 21122
21149, 21152
21152, 21149
21153, 21126
21155, 21210
21174, 21131
21179, 21110
21184, 21144
21184, 21188
21188, 21144
21188, 21184
21192, 21113
21209, 21118
21210, 21117
21210, 21155
21215, 21217
21217, 21215
21220, 21243
21220, 21269
21222, 21263
21225, 21288
21227, 21273
21227, 21285
21234, 21244
21241, 21246
21243, 21220
21243, 21269
21244, 21234
21246, 21241
21250, 21264
21253, 21270
21263, 21222
21264, 21250
21269, 21220
21269, 21243
21270, 21253
21273, 21227
21273, 21285
21274, 21275
21275, 21274
21284, 21310
21285, 21227
21285, 21273
21288, 21225
21296, 21299
21299, 21296
21310, 21284
21316, 21404
21324, 21405
21331, 21390
21338, 21361
21338, 21384
21351, 21378
21353, 21379
21355, 21374
21361, 21338
21365, 21379
21374, 21355
21378, 21351
21379, 21353
21379, 21365
21384, 21338
21385, 21412
21390, 21331
21404, 21316
21405, 21324
21412, 21385
21415, 21486
21417, 21479
21420, 21440
21420, 21509
21426, 21448
21432, 21474
21440, 21420
21445, 21458
21448, 21426
21449, 21485
21452, 21469
21452, 21510
21454, 21507
21458, 21445
21465, 21481
21467, 21476
21469, 21452
21474, 21432
21476, 21467
21479, 21417
21481, 21465
21485, 21449
21486, 21415
21502, 21503
21503, 21502
21504, 21506
21506, 21504
21507, 21454
21509, 21420
21510, 21452
21519, 21584
21520, 21559
21528, 21611
21534, 21556
21535, 21608
21549, 21578
21550, 21614
21556, 21534
21557, 21560
21559, 21520
21560, 21557
21561, 21592
21578, 21549
21584, 21519
21590, 21591
21590, 21606
21591, 21590
21591, 21606
21592, 21561
21605, 21613
21606, 21590
21606, 21591
21608, 21535
21611, 21528
21613, 21605
21614, 21550
21615, 21667
21616, 21696
21619, 21693
21621, 21650
21625, 21656
21632, 21652
21634, 21661
21637, 21641
21638, 21704
21641, 21637
21648, 21653
21650, 21621
21652, 21632
21653, 21648
21655, 21690
21656, 21625
21659, 21682
21660, 21691
21661, 21634
21667, 21615
21682, 21659
21690, 21655
21691, 21660
21693, 21619
21696, 21616
21704, 21638
21720, 21783
21725, 21770
21726, 21758
21735, 21773
21736, 21780
21741, 21751
21748, 21813
21750, 21755
21751, 21741
21753, 21814
21754, 21777
21755, 21750
21756, 21761
21758, 21726
21761, 21756
21765, 21771
21768, 21779
21770, 21725
21771, 21765
21773, 21735
21775, 21794
21777, 21754
21779, 21768
21780, 21736
21782, 21787
21783, 21720
21787, 21782
21794, 21775
21796, 21806
21806, 21796
21813, 21748
21814, 21753
21823, 21867
21823, 21890
21825, 21868
21826, 21871
21828, 21884
21830, 21845
21830, 21869
21832, 21863
21834, 21881
21835, 21854
21837, 21860
21838, 21865
21841, 21911
21845, 21830
21845, 21847
21845, 21869
21847, 21845
21847, 21869
21852, 21893
21854, 21835
21859, 21872
21860, 21837
21863, 21832
21863, 21892
21865, 21838
21867, 21823
21868, 21825
21869, 21830
21869, 21845
21869, 21847
21871, 21826
21871, 21880
21872, 21859
21875, 21909
21880, 21871
21881, 21834
21884, 21828
21890, 21823
21891, 21917
21892, 21863
21893, 21852
21902, 21907
21907, 21902
21909, 21875
21911, 21841
21917, 21891
21918, 21988
21920, 21929
21920, 21951
21925, 21962
21926, 21979
21929, 21920
21929, 21951
21930, 22000
21931, 21977
21932, 21945
21934, 21952
21936, 22016
21945, 21932
21951, 21920
21951, 21929
21952, 21934
21956, 21960
21960, 21956
21962, 21925
21964, 21994
21977, 21931
21979, 21926
21988, 21918
21991, 21996
21994, 21964
21996, 21991
22000, 21930
22016, 21936
22020, 22090
22023, 22111
22025, 22053
22026, 22077
22026, 22087
22029, 22045
22029, 22064
22030, 22081
22031, 22036
22036, 22031
22037, 22049
22039, 22059
22040, 22085
22045, 22029
22049, 22037
22052, 22054
22053, 22025
22054, 22052
22055, 22075
22059, 22039
22061, 22066
22064, 22029
22066, 22061
22066, 22092
22070, 22083
22073, 22080
22075, 22055
22077, 22026
22079, 22094
22080, 22073
22081, 22030
22083, 22070
22085, 22040
22087, 22026
22090, 22020
22092, 22066
22094, 22079
22098, 22103
22103, 22098
22104, 22109
22109, 22104
22111, 22023
22113, 22116
22113, 22118
22116, 22113
22116, 22118
22118, 22113
22118, 22116
22126, 22157
22132, 22214
22134, 22192
22138, 22163
22140, 22150
22143, 22197
22148, 22159
22149, 22214
22150, 22140
22152, 22172
22154, 22155
22154, 22157
22155, 22154
22157, 22126
22157, 22154
22159, 22148
22161, 22186
22163, 22138
22168, 22172
22172, 22152
22172, 22168
22186, 22161
22192, 22134
22197, 22143
22214, 22132
22214, 22149
22221, 22318
22222, 22239
22224, 22232
22225, 22297
22230, 22254
22230, 22314
22232, 22224
22233, 22275
22235, 22313
22236, 22280
22239, 22222
22250, 22285
22253, 22298
22254, 22230
22254, 22314
22256, 22287
22272, 22273
22273, 22272
22274, 22317
22275, 22233
22280, 22236
22285, 22250
22287, 22256
22288, 22303
22293, 22321
22297, 22225
22298, 22253
22303, 22288
22308, 22311
22311, 22308
22313, 22235
22314, 22230
22314, 22254
22317, 22274
22318, 22221
22321, 22293
22324, 22373
22325, 22339
22328, 22414
22329, 22360
22330, 22415
22335, 22396
22339, 22325
22349, 22376
22356, 22386
22356, 22420
22360, 22329
22361, 22393
22367, 22389
22370, 22416
22373, 22324
22376, 22349
22380, 22397
22386, 22356
22386, 22420
22389, 22367
22393, 22361
22396, 22335
22397, 22380
22409, 22412
22412, 22409
22414, 22328
22415, 22330
22416, 22370
22420, 22356
22420, 22386
22428, 22520
22430, 22434
22431, 22497
22434, 22430
22447, 22492
22455, 22479
22458, 22499
22466, 22479
22467, 22469
22469, 22467
22472, 22500
22474, 22494
22479, 22455
22479, 22466
22492, 22447
22494, 22474
22497, 22431
22499, 22458
22500, 22472
22505, 22519
22519, 22505
22520, 22428
22531, 22532
22532, 22531
22533, 22576
22533, 22623
22544, 22559
22544, 22585
22552, 22565
22559, 22544
22559, 22585
22562, 22595
22564, 22591
22565, 22552
22574, 22581
22576, 22533
22576, 22623
22577, 22590
22581, 22574
22581, 22593
22585, 22544
22585, 22559
22590, 22577
22591, 22564
22593, 22581
22595, 22562
22623, 22533
22623, 22576
22634, 22649
22636, 22663
22640, 22696
22641, 22667
22641, 22671
22641, 22703
22643, 22663
22646, 22657
22649, 22634
22653, 22684
22655, 22718
22657, 22646
22663, 22636
22663, 22643
22667, 22641
22667, 22703
22669, 22673
22669, 22699
22671, 22641
22671, 22703
22673, 22669
22673, 22699
22684, 22653
22689, 22709
22696, 22640
22699, 22669
22699, 22673
22703, 22641
22703, 22667
22703, 22671
22706, 22714
22709, 22689
22714, 22706
22718, 22655
22729, 22790
22730, 22789
22731, 22794
22732, 22802
22732, 22823
22737, 22746
22738, 22761
22741, 22751
22744, 22765
22746, 22737
22751, 22741
22752, 22780
22752, 22790
22756, 22787
22757, 22791
22758, 22769
22759, 22760
22760, 22759
22760, 22802
22760, 22823
22761, 22738
22765, 22744
22767, 22817
22769, 22758
22775, 22784
22780, 22752
22780, 22790
22784, 22775
22786, 22808
22787, 22756
22789, 22730
22790, 22729
22790, 22752
22790, 22780
22791, 22757
22794, 22731
22802, 22732
22802, 22760
22802, 22823
22808, 22786
22817, 22767
22823, 22732
22823, 22760
22823, 22802
