14, 63
18, 126
56, 115
63, 14
80, 82
82, 80
83, 135
100, 112
106, 172
112, 100
115, 56
118, 193
126, 18
135, 83
172, 106
193, 118
207, 274
216, 288
217, 257
221, 337
223, 307
236, 336
249, 313
253, 362
257, 217
271, 299
274, 207
288, 216
299, 271
307, 223
313, 249
323, 359
332, 399
336, 236
337, 221
359, 323
362, 253
399, 332
406, 513
408, 440
408, 601
411, 527
415, 503
415, 599
428, 540
435, 524
440, 408
446, 590
503, 415
503, 599
513, 406
516, 574
524, 435
527, 411
538, 564
540, 428
564, 538
574, 516
590, 446
599, 415
599, 503
601, 408
607, 742
617, 753
617, 755
618, 702
620, 793
622, 698
622, 701
632, 791
640, 721
642, 657
642, 748
657, 642
659, 769
666, 669
668, 694
669, 666
694, 668
698, 622
698, 701
701, 622
701, 698
702, 618
707, 768
721, 640
735, 775
742, 607
748, 642
753, 617
753, 755
755, 617
755, 753
768, 707
769, 659
773, 789
775, 735
789, 773
791, 632
793, 620
812, 859
812, 860
817, 991
822, 931
834, 935
856, 954
859, 812
860, 812
866, 870
870, 866
914, 976
915, 953
917, 964
921, 939
928, 934
931, 822
934, 928
935, 834
939, 921
943, 993
953, 915
954, 856
964, 917
976, 914
991, 817
993, 943
1029, 1137
1030, 1098
1034, 1145
1035, 1133
1037, 1050
1040, 1140
1040, 1162
1041, 1172
1046, 1089
1050, 1037
1066, 1165
1070, 1086
1086, 1070
1089, 1046
1098, 1030
1105, 1155
1123, 1157
1133, 1035
1137, 1029
1140, 1040
1140, 1162
1145, 1034
1155, 1105
1157, 1123
1162, 1040
1162, 1140
1165, 1066
1172, 1041
1210, 1348
1212, 1324
1212, 1378
1223, 1269
1236, 1336
1246, 1312
1249, 1276
1257, 1368
1269, 1223
1270, 1383
1276, 1249
1290, 1368
1312, 1246
1318, 1330
1324, 1212
1324, 1378
1330, 1318
1336, 1236
1338, 1404
1341, 1363
1348, 1210
1363, 1341
1368, 1257
1368, 1290
1371, 1374
1374, 1371
1378, 1212
1378, 1324
1383, 1270
1404, 1338
1419, 1533
1420, 1484
1422, 1443
1424, 1494
1426, 1466
1426, 1576
1435, 1520
1439, 1571
1443, 1422
1452, 1479
1457, 1498
1466, 1426
1472, 1546
1478, 1558
1479, 1452
1484, 1420
1494, 1424
1498, 1457
1499, 1522
1504, 1600
1506, 1597
1519, 1603
1520, 1435
1522, 1499
1533, 1419
1540, 1552
1541, 1547
1546, 1472
1547, 1541
1552, 1540
1552, 1597
1554, 1578
1558, 1478
1571, 1439
1576, 1426
1578, 1554
1597, 1506
1597, 1552
1600, 1504
1603, 1519
1613, 1740
1620, 1802
1641, 1648
1648, 1641
1652, 1760
1653, 1688
1655, 1742
1664, 1747
1688, 1653
1689, 1701
1701, 1689
1705, 1808
1740, 1613
1742, 1655
1747, 1664
1760, 1652
1802, 1620
1808, 1705
1810, 1981
1813, 1927
1825, 1961
1840, 1871
1845, 1958
1856, 1902
1867, 1987
1871, 1840
1878, 1883
1882, 1884
1883, 1878
1884, 1882
1888, 1906
1902, 1856
1906, 1888
1927, 1813
1949, 1967
1958, 1845
1961, 1825
1967, 1949
1980, 2004
1981, 1810
1987, 1867
2004, 1980
2024, 2054
2024, 2201
2027, 2199
2032, 2175
2054, 2024
2054, 2201
2056, 2087
2087, 2056
2096, 2136
2110, 2154
2113, 2143
2113, 2179
2117, 2153
2136, 2096
2143, 2113
2143, 2179
2152, 2172
2153, 2117
2154, 2110
2172, 2152
2175, 2032
2179, 2113
2179, 2143
2199, 2027
2201, 2024
2201, 2054
2223, 2265
2224, 2406
2227, 2377
2233, 2400
2246, 2294
2246, 2346
2265, 2223
2290, 2384
2294, 2246
2294, 2346
2313, 2356
2323, 2379
2339, 2365
2346, 2246
2346, 2294
2356, 2313
2365, 2339
2377, 2227
2379, 2323
2384, 2290
2400, 2233
2406, 2224
2414, 2583
2416, 2509
2417, 2492
2430, 2518
2431, 2487
2431, 2553
2443, 2601
2452, 2607
2460, 2474
2461, 2506
2474, 2460
2478, 2552
2482, 2522
2487, 2431
2487, 2553
2489, 2537
2492, 2417
2505, 2524
2505, 2578
2506, 2461
2509, 2416
2518, 2430
2522, 2482
2524, 2505
2524, 2578
2537, 2489
2544, 2567
2552, 2478
2553, 2431
2553, 2487
2567, 2544
2578, 2505
2578, 2524
2583, 2414
2601, 2443
2607, 2452
2637, 2803
2644, 2690
2645, 2738
2653, 2807
2662, 2676
2669, 2773
2671, 2790
2673, 2694
2675, 2801
2676, 2662
2687, 2700
2690, 2644
2694, 2673
2696, 2748
2700, 2687
2710, 2719
2716, 2728
2719, 2710
2721, 2813
2723, 2757
2728, 2716
2731, 2806
2738, 2645
2748, 2696
2757, 2723
2758, 2782
2773, 2669
2782, 2758
2790, 2671
2801, 2675
2803, 2637
2806, 2731
2807, 2653
2813, 2721
2815, 2908
2818, 2925
2821, 2935
2822, 2963
2822, 2973
2825, 2961
2830, 2915
2832, 2917
2844, 3010
2850, 2852
2852, 2850
2856, 2960
2863, 2891
2863, 2909
2872, 2883
2880, 2948
2883, 2872
2891, 2863
2908, 2815
2909, 2863
2911, 2913
2913, 2911
2915, 2830
2917, 2832
2923, 2949
2925, 2818
2935, 2821
2938, 3000
2948, 2880
2949, 2923
2958, 2972
2960, 2856
2961, 2825
2963, 2822
2963, 2973
2972, 2958
2973, 2822
2973, 2963
3000, 2938
3010, 2844
3030, 3113
3030, 3142
3044, 3205
3046, 3181
3050, 3150
3050, 3172
3056, 3112
3072, 3134
3087, 3095
3088, 3203
3095, 3087
3102, 3115
3112, 3056
3113, 3030
3113, 3142
3115, 3102
3117, 3180
3123, 3136
3134, 3072
3136, 3123
3142, 3030
3142, 3113
3147, 3203
3150, 3050
3150, 3172
3169, 3202
3172, 3050
3172, 3150
3180, 3117
3181, 3046
3202, 3169
3203, 3088
3203, 3147
3205, 3044
3225, 3252
3234, 3377
3243, 3301
3251, 3351
3252, 3225
3255, 3413
3290, 3298
3290, 3376
3298, 3290
3298, 3376
3301, 3243
3345, 3356
3351, 3251
3356, 3345
3376, 3290
3376, 3298
3377, 3234
3413, 3255
3418, 3558
3428, 3602
3429, 3523
3442, 3513
3445, 3582
3461, 3617
3462, 3539
3489, 3559
3499, 3578
3500, 3552
3513, 3442
3523, 3429
3539, 3462
3547, 3575
3552, 3500
3558, 3418
3559, 3489
3575, 3547
3578, 3499
3582, 3445
3602, 3428
3617, 3461
3626, 3648
3627, 3671
3635, 3684
3637, 3665
3641, 3705
3644, 3720
3644, 3750
3646, 3777
3648, 3626
3657, 3690
3657, 3699
3657, 3700
3659, 3739
3665, 3637
3671, 3627
3684, 3635
3690, 3657
3699, 3657
3699, 3700
3700, 3657
3700, 3699
3705, 3641
3712, 3776
3719, 3748
3719, 3812
3720, 3644
3720, 3750
3726, 3763
3731, 3733
3731, 3784
3733, 3731
3733, 3784
3739, 3659
3748, 3719
3748, 3812
3750, 3644
3750, 3720
3751, 3773
3753, 3775
3760, 3805
3763, 3726
3773, 3751
3775, 3753
3776, 3712
3777, 3646
3784, 3731
3784, 3733
3805, 3760
3812, 3719
3812, 3748
3813, 3816
3816, 3813
3828, 3937
3835, 3934
3846, 3867
3847, 3991
3854, 3902
3854, 3954
3858, 3938
3867, 3846
3874, 3931
3880, 3987
3881, 3892
3888, 4006
3889, 4018
3892, 3881
3894, 4007
3902, 3854
3902, 3954
3908, 3959
3922, 3989
3929, 4006
3931, 3874
3934, 3835
3937, 3828
3938, 3858
3954, 3854
3954, 3902
3959, 3908
3987, 3880
3989, 3922
3990, 4012
3991, 3847
4006, 3888
4006, 3929
4007, 3894
4012, 3990
4018, 3889
4023, 4203
4028, 4186
4035, 4122
4045, 4081
4046, 4217
4062, 4190
4076, 4126
4081, 4045
4117, 4146
4122, 4035
4125, 4144
4126, 4076
4137, 4155
4137, 4177
4144, 4125
4146, 4117
4152, 4169
4154, 4162
4155, 4137
4155, 4177
4162, 4154
4169, 4152
4177, 4137
4177, 4155
4178, 4206
4186, 4028
4190, 4062
4203, 4023
4206, 4178
4217, 4046
4229, 4393
4231, 4246
4234, 4273
4235, 4296
4237, 4359
4246, 4231
4248, 4389
4272, 4292
4273, 4234
4292, 4272
4296, 4235
4321, 4343
4329, 4382
4331, 4362
4338, 4356
4343, 4321
4347, 4407
4356, 4338
4359, 4237
4362, 4331
4382, 4329
4389, 4248
4393, 4229
4407, 4347
4445, 4479
4451, 4466
4453, 4549
4465, 4492
4465, 4619
4466, 4451
4479, 4445
4484, 4520
4492, 4465
4492, 4590
4492, 4619
4504, 4566
4513, 4558
4519, 4546
4520, 4484
4523, 4547
4534, 4543
4543, 4534
4546, 4519
4547, 4523
4549, 4453
4552, 4584
4558, 4513
4566, 4504
4584, 4552
4590, 4492
4619, 4465
4619, 4492
4628, 4821
4632, 4700
4642, 4662
4658, 4758
4661, 4781
4662, 4642
4668, 4678
4678, 4668
4691, 4813
4700, 4632
4713, 4751
4736, 4807
4741, 4749
4749, 4741
4751, 4713
4758, 4658
4769, 4815
4781, 4661
4782, 4795
4795, 4782
4807, 4736
4813, 4691
4815, 4769
4821, 4628
4825, 4854
4826, 5014
4832, 4966
4840, 4879
4854, 4825
4879, 4840
4896, 4905
4898, 4958
4905, 4896
4907, 4959
4918, 4998
4951, 5012
4951, 5023
4958, 4898
4959, 4907
4966, 4832
4988, 5011
4998, 4918
5011, 4988
5012, 4951
5014, 4826
5023, 4951
5032, 5069
5050, 5073
5057, 5112
5060, 5101
5060, 5108
5060, 5160
5062, 5152
5063, 5168
5065, 5120
5069, 5032
5070, 5177
5073, 5050
5101, 5060
5101, 5108
5101, 5160
5105, 5136
5108, 5060
5108, 5101
5108, 5160
5112, 5057
5120, 5065
5130, 5184
5136, 5105
5140, 5192
5152, 5062
5160, 5060
5160, 5101
5160, 5108
5168, 5063
5168, 5176
5176, 5168
5177, 5070
5183, 5185
5184, 5130
5185, 5183
5192, 5140
5235, 5304
5237, 5408
5238, 5248
5242, 5296
5248, 5238
5248, 5275
5257, 5342
5275, 5248
5296, 5242
5302, 5361
5303, 5332
5304, 5235
5308, 5414
5332, 5303
5342, 5257
5361, 5302
5364, 5425
5408, 5237
5414, 5308
5425, 5364
5441, 5551
5442, 5443
5442, 5565
5443, 5442
5448, 5589
5465, 5617
5470, 5591
5473, 5578
5483, 5614
5494, 5597
5510, 5562
5529, 5625
5546, 5566
5551, 5441
5562, 5510
5565, 5442
5566, 5546
5568, 5569
5569, 5568
5569, 5581
5578, 5473
5581, 5569
5589, 5448
5591, 5470
5593, 5613
5597, 5494
5606, 5622
5613, 5593
5614, 5483
5617, 5465
5622, 5606
5625, 5529
5630, 5787
5641, 5747
5651, 5667
5658, 5714
5658, 5796
5667, 5651
5674, 5725
5685, 5706
5695, 5779
5706, 5685
5711, 5763
5711, 5785
5714, 5658
5714, 5796
5718, 5786
5725, 5674
5747, 5641
5763, 5711
5763, 5785
5766, 5814
5779, 5695
5785, 5711
5785, 5763
5786, 5718
5787, 5630
5796, 5658
5796, 5714
5800, 5821
5814, 5766
5821, 5800
5841, 5932
5847, 5947
5851, 5906
5855, 5876
5859, 5928
5876, 5855
5898, 6016
5906, 5851
5920, 5958
5924, 5989
5928, 5859
5932, 5841
5934, 5968
5947, 5847
5958, 5920
5968, 5934
5971, 5975
5975, 5971
5989, 5924
6016, 5898
6035, 6102
6035, 6120
6064, 6109
6065, 6113
6065, 6165
6076, 6228
6080, 6083
6083, 6080
6083, 6192
6093, 6195
6102, 6035
6102, 6120
6103, 6107
6107, 6103
6109, 6064
6112, 6221
6113, 6065
6113, 6165
6120, 6035
6120, 6102
6127, 6180
6129, 6172
6165, 6065
6165, 6113
6172, 6129
6180, 6127
6192, 6083
6195, 6093
6221, 6112
6228, 6076
6245, 6261
6245, 6398
6245, 6403
6253, 6303
6261, 6245
6261, 6398
6261, 6403
6262, 6396
6301, 6328
6303, 6253
6313, 6363
6314, 6366
6327, 6394
6328, 6301
6347, 6356
6355, 6374
6356, 6347
6357, 6402
6363, 6313
6366, 6314
6369, 6377
6374, 6355
6376, 6391
6377, 6369
6391, 6376
6394, 6327
6396, 6262
6398, 6245
6398, 6261
6398, 6403
6402, 6357
6403, 6245
6403, 6261
6403, 6398
6445, 6462
6450, 6559
6462, 6445
6467, 6567
6469, 6512
6492, 6570
6512, 6469
6514, 6592
6536, 6552
6540, 6582
6547, 6625
6552, 6536
6553, 6629
6559, 6450
6567, 6467
6570, 6492
6582, 6540
6592, 6514
6625, 6547
6629, 6553
6646, 6653
6646, 6726
6653, 6646
6653, 6752
6658, 6804
6668, 6768
6672, 6702
6695, 6771
6697, 6714
6702, 6672
6703, 6744
6707, 6715
6713, 6772
6714, 6697
6715, 6707
6719, 6800
6726, 6646
6726, 6759
6737, 6824
6744, 6703
6752, 6653
6759, 6726
6768, 6668
6771, 6695
6772, 6713
6785, 6791
6791, 6785
6800, 6719
6804, 6658
6824, 6737
6838, 6878
6846, 6865
6848, 6873
6848, 6881
6850, 6920
6856, 6872
6865, 6846
6869, 6969
6872, 6856
6873, 6848
6873, 6881
6878, 6838
6881, 6848
6881, 6873
6907, 6967
6911, 6998
6920, 6850
6921, 6972
6928, 6964
6964, 6928
6967, 6907
6969, 6869
6972, 6921
6976, 7001
6998, 6911
7001, 6976
7046, 7210
7060, 7131
7060, 7227
7070, 7170
7080, 7136
7094, 7142
7110, 7173
7126, 7171
7131, 7060
7131, 7227
7136, 7080
7142, 7094
7170, 7070
7171, 7126
7173, 7110
7185, 7194
7194, 7185
7210, 7046
7227, 7060
7227, 7131
7243, 7348
7245, 7378
7248, 7305
7251, 7332
7265, 7362
7267, 7405
7272, 7311
7273, 7310
7274, 7406
7287, 7350
7292, 7342
7305, 7248
7310, 7273
7311, 7272
7323, 7355
7332, 7251
7342, 7292
7348, 7243
7350, 7287
7353, 7371
7353, 7393
7355, 7323
7362, 7265
7367, 7426
7371, 7353
7371, 7393
7378, 7245
7393, 7353
7393, 7371
7405, 7267
7406, 7274
7426, 7367
7451, 7481
7453, 7603
7467, 7482
7481, 7451
7482, 7467
7492, 7536
7498, 7567
7520, 7572
7520, 7594
7526, 7582
7536, 7492
7538, 7581
7538, 7596
7542, 7568
7562, 7636
7567, 7498
7568, 7542
7570, 7625
7572, 7520
7572, 7594
7581, 7538
7581, 7596
7582, 7526
7594, 7520
7594, 7572
7596, 7538
7596, 7581
7603, 7453
7625, 7570
7636, 7562
7642, 7806
7650, 7778
7659, 7713
7661, 7825
7664, 7776
7667, 7810
7668, 7759
7673, 7773
7677, 7826
7691, 7703
7693, 7768
7703, 7691
7713, 7659
7759, 7668
7768, 7693
7773, 7673
7776, 7664
7778, 7650
7805, 7808
7806, 7642
7808, 7805
7810, 7667
7825, 7661
7826, 7677
7840, 7904
7844, 7943
7844, 8003
7845, 7847
7847, 7845
7883, 8028
7900, 7961
7901, 7912
7901, 7913
7904, 7840
7912, 7901
7912, 7913
7913, 7901
7913, 7912
7922, 7956
7922, 7974
7943, 7844
7956, 7922
7956, 7974
7961, 7900
7974, 7922
7974, 7956
7992, 8025
8003, 7844
8025, 7992
8028, 7883
8046, 8186
8055, 8072
8055, 8079
8057, 8201
8060, 8152
8072, 8055
8079, 8055
8079, 8205
8092, 8190
8119, 8168
8120, 8173
8120, 8184
8122, 8229
8128, 8146
8146, 8128
8149, 8175
8152, 8060
8156, 8166
8165, 8206
8166, 8156
8168, 8119
8173, 8120
8175, 8149
8183, 8210
8184, 8120
8186, 8046
8190, 8092
8201, 8057
8205, 8079
8206, 8165
8210, 8183
8229, 8122
8243, 8249
8245, 8340
8249, 8243
8271, 8346
8284, 8379
8289, 8408
8290, 8407
8312, 8360
8315, 8372
8319, 8361
8340, 8245
8342, 8401
8346, 8271
8352, 8354
8354, 8352
8360, 8312
8361, 8319
8371, 8428
8372, 8315
8379, 8284
8401, 8342
8407, 8290
8408, 8289
8428, 8371
8446, 8450
8450, 8446
8454, 8556
8462, 8596
8463, 8526
8469, 8621
8477, 8577
8480, 8595
8486, 8586
8496, 8545
8500, 8553
8506, 8582
8526, 8463
8538, 8587
8545, 8496
8547, 8591
8553, 8500
8556, 8454
8577, 8477
8582, 8506
8586, 8486
8587, 8538
8591, 8547
8595, 8480
8596, 8462
8621, 8469
8645, 8753
8660, 8677
8664, 8730
8665, 8813
8677, 8660
8678, 8778
8680, 8761
8687, 8723
8696, 8779
8723, 8687
8730, 8664
8749, 8843
8753, 8645
8761, 8680
8778, 8678
8779, 8696
8813, 8665
8843, 8749
8852, 8949
8872, 8899
8876, 8929
8891, 8944
8893, 8941
8899, 8872
8899, 9031
8929, 8876
8940, 9005
8941, 8893
8944, 8891
8949, 8852
8950, 8959
8959, 8950
8969, 8989
8980, 8995
8989, 8969
8995, 8980
9005, 8940
9025, 9028
9028, 9025
9031, 8899
9046, 9082
9047, 9157
9051, 9064
9061, 9153
9062, 9076
9064, 9051
9067, 9217
9076, 9062
9077, 9099
9077, 9242
9080, 9180
9080, 9202
9082, 9046
9083, 9211
9086, 9106
9099, 9077
9099, 9242
9106, 9086
9106, 9118
9114, 9170
9118, 9106
9145, 9189
9147, 9150
9150, 9147
9153, 9061
9157, 9047
9166, 9192
9170, 9114
9177, 9187
9180, 9080
9180, 9202
9187, 9177
9189, 9145
9192, 9166
9202, 9080
9202, 9180
9211, 9083
9211, 9212
9212, 9211
9217, 9067
9242, 9077
9242, 9099
9252, 9309
9254, 9314
9255, 9315
9256, 9402
9257, 9425
9258, 9441
9268, 9302
9278, 9392
9285, 9437
9291, 9293
9293, 9291
9297, 9321
9301, 9414
9302, 9268
9309, 9252
9314, 9254
9315, 9255
9321, 9297
9323, 9340
9340, 9323
9351, 9388
9388, 9351
9392, 9278
9402, 9256
9414, 9301
9425, 9257
9437, 9285
9441, 9258
9456, 9511
9462, 9467
9463, 9550
9465, 9617
9466, 9568
9467, 9462
9469, 9558
9473, 9541
9480, 9640
9481, 9537
9483, 9567
9508, 9533
9511, 9456
9522, 9571
9524, 9577
9533, 9508
9537, 9481
9541, 9473
9542, 9645
9550, 9463
9558, 9469
9564, 9582
9567, 9483
9568, 9466
9571, 9522
9577, 9524
9582, 9564
9589, 9592
9592, 9589
9617, 9465
9622, 9632
9632, 9622
9640, 9480
9645, 9542
9649, 9662
9662, 9649
9664, 9773
9673, 9842
9676, 9761
9696, 9699
9699, 9696
9751, 9756
9756, 9751
9758, 9759
9758, 9794
9759, 9758
9759, 9794
9761, 9676
9773, 9664
9783, 9805
9789, 9800
9794, 9758
9794, 9759
9800, 9789
9805, 9783
9822, 9840
9840, 9822
9842, 9673
9861, 9983
9886, 9992
9886, 10018
9892, 9906
9896, 9951
9906, 9892
9907, 10029
9945, 10002
9946, 10036
9948, 9981
9951, 9896
9978, 10049
9981, 9948
9983, 9861
9992, 9886
9992, 10018
10002, 9945
10018, 9886
10018, 9992
10029, 9907
10036, 9946
10049, 9978
10054, 10081
10070, 10105
10080, 10218
10081, 10054
10083, 10168
10083, 10180
10085, 10133
10085, 10185
10105, 10070
10113, 10119
10119, 10113
10133, 10085
10133, 10185
10142, 10203
10168, 10083
10168, 10180
10173, 10241
10180, 10083
10180, 10168
10185, 10085
10185, 10133
10203, 10142
10218, 10080
10241, 10173
10252, 10256
10256, 10252
10268, 10315
10270, 10383
10271, 10325
10276, 10354
10278, 10281
10280, 10385
10281, 10278
10290, 10352
10294, 10370
10298, 10390
10302, 10384
10307, 10439
10315, 10268
10325, 10271
10337, 10367
10352, 10290
10354, 10276
10356, 10394
10367, 10337
10370, 10294
10383, 10270
10384, 10302
10385, 10280
10390, 10298
10394, 10356
10439, 10307
10454, 10638
10457, 10562
10465, 10564
10471, 10516
10471, 10568
10477, 10641
10483, 10497
10489, 10591
10493, 10584
10497, 10483
10503, 10523
10516, 10471
10516, 10568
10518, 10521
10521, 10518
10523, 10503
10527, 10596
10543, 10572
10556, 10577
10562, 10457
10564, 10465
10568, 10471
10568, 10516
10572, 10543
10577, 10556
10584, 10493
10591, 10489
10596, 10527
10638, 10454
10641, 10477
10658, 10799
10663, 10744
10666, 10723
10677, 10794
10677, 10823
10680, 10767
10682, 10691
10682, 10763
10689, 10771
10691, 10682
10691, 10763
10696, 10726
10702, 10779
10709, 10754
10723, 10666
10724, 10780
10726, 10696
10730, 10756
10733, 10819
10736, 10788
10738, 10847
10744, 10663
10747, 10820
10754, 10709
10756, 10730
10763, 10682
10763, 10691
10766, 10787
10767, 10680
10771, 10689
10779, 10702
10779, 10819
10780, 10724
10782, 10853
10787, 10766
10788, 10736
10794, 10677
10794, 10823
10799, 10658
10819, 10733
10819, 10779
10820, 10747
10823, 10677
10823, 10794
10831, 10845
10845, 10831
10847, 10738
10853, 10782
10855, 10944
10860, 10862
10862, 10860
10873, 11026
10883, 10884
10884, 10883
10897, 10967
10899, 10910
10904, 10927
10905, 10926
10910, 10899
10916, 10919
10919, 10916
10919, 10955
10926, 10905
10927, 10904
10944, 10855
10945, 10990
10955, 10919
10956, 11015
10967, 10897
10986, 11042
10990, 10945
11003, 11050
11012, 11031
11015, 10956
11026, 10873
11031, 11012
11042, 10986
11050, 11003
11068, 11153
11077, 11112
11079, 11207
11080, 11249
11083, 11100
11083, 11182
11085, 11187
11086, 11163
11090, 11138
11090, 11190
11100, 11083
11100, 11182
11110, 11188
11112, 11077
11120, 11175
11128, 11129
11129, 11128
11138, 11090
11138, 11190
11148, 11170
11149, 11197
11153, 11068
11154, 11219
11158, 11241
11163, 11086
11170, 11148
11175, 11120
11181, 11254
11182, 11083
11182, 11100
11185, 11243
11187, 11085
11188, 11110
11190, 11090
11190, 11138
11197, 11149
11207, 11079
11219, 11154
11241, 11158
11243, 11185
11249, 11080
11254, 11181
11265, 11327
11268, 11405
11270, 11333
11278, 11388
11280, 11286
11283, 11378
11286, 11280
11296, 11448
11319, 11357
11326, 11403
11327, 11265
11333, 11270
11344, 11445
11349, 11428
11353, 11356
11356, 11353
11357, 11319
11365, 11373
11365, 11391
11370, 11409
11373, 11365
11373, 11391
11378, 11283
11388, 11278
11391, 11365
11391, 11373
11397, 11452
11403, 11326
11405, 11268
11409, 11370
11428, 11349
11445, 11344
11448, 11296
11452, 11397
11463, 11615
11469, 11543
11472, 11537
11489, 11497
11494, 11555
11497, 11489
11504, 11524
11507, 11548
11518, 11609
11522, 11606
11524, 11504
11537, 11472
11543, 11469
11544, 11561
11546, 11568
11548, 11507
11555, 11494
11556, 11622
11558, 11624
11561, 11544
11568, 11546
11578, 11579
11579, 11578
11600, 11625
11606, 11522
11609, 11518
11615, 11463
11622, 11556
11624, 11558
11625, 11600
11659, 11826
11670, 11821
11673, 11853
11676, 11772
11680, 11758
11690, 11694
11692, 11763
11694, 11690
11699, 11759
11700, 11851
11712, 11802
11712, 11807
11713, 11761
11720, 11737
11721, 11800
11730, 11804
11733, 11760
11737, 11720
11758, 11680
11759, 11699
11760, 11733
11761, 11713
11763, 11692
11772, 11676
11800, 11721
11800, 11820
11802, 11712
11802, 11807
11804, 11730
11807, 11712
11807, 11802
11812, 11816
11816, 11812
11820, 11800
11821, 11670
11826, 11659
11851, 11700
11853, 11673
11868, 11955
11872, 11883
11873, 12020
11881, 11887
11881, 11971
11883, 11872
11886, 11984
11887, 11881
11890, 12002
11894, 11994
11898, 12054
11906, 11955
11934, 11957
11955, 11868
11955, 11906
11957, 11934
11970, 11981
11971, 11881
11981, 11970
11981, 12008
11983, 12059
11984, 11886
11994, 11894
11998, 12031
12002, 11890
12008, 11981
12020, 11873
12031, 11998
12036, 12048
12048, 12036
12054, 11898
12059, 11983
12064, 12150
12065, 12068
12068, 12065
12078, 12149
12079, 12124
12093, 12140
12097, 12111
12102, 12132
12103, 12157
12109, 12202
12111, 12097
12124, 12079
12131, 12138
12132, 12102
12138, 12131
12140, 12093
12149, 12078
12150, 12064
12154, 12218
12157, 12103
12181, 12192
12192, 12181
12202, 12109
12218, 12154
12283, 12302
12287, 12402
12295, 12362
12298, 12305
12302, 12283
12305, 12298
12325, 12346
12346, 12325
12362, 12295
12366, 12395
12390, 12448
12395, 12366
12402, 12287
12413, 12433
12425, 12427
12427, 12425
12433, 12413
12448, 12390
12468, 12530
12468, 12616
12474, 12491
12484, 12489
12489, 12484
12490, 12621
12491, 12474
12505, 12605
12530, 12468
12530, 12616
12543, 12568
12550, 12575
12563, 12626
12568, 12543
12575, 12550
12590, 12653
12605, 12505
12616, 12468
12616, 12530
12621, 12490
12626, 12563
12640, 12643
12643, 12640
12653, 12590
12717, 12840
12742, 12813
12796, 12860
12810, 12832
12813, 12742
12815, 12823
12815, 12853
12823, 12815
12823, 12853
12832, 12810
12840, 12717
12840, 12859
12853, 12815
12853, 12823
12859, 12840
12860, 12796
12868, 12996
12869, 13016
12873, 12877
12877, 12873
12888, 13032
12919, 13002
12925, 12963
12932, 12988
12935, 12975
12938, 12998
12945, 13057
12963, 12925
12975, 12935
12976, 13052
12988, 12932
12989, 13028
12996, 12868
12998, 12938
12999, 13021
13002, 12919
13009, 13061
13016, 12869
13021, 12999
13027, 13041
13028, 12989
13032, 12888
13036, 13054
13041, 13027
13050, 13060
13052, 12976
13054, 13036
13057, 12945
13060, 13050
13061, 13009
13074, 13252
13088, 13138
13090, 13096
13090, 13180
13096, 13090
13096, 13180
13103, 13195
13104, 13209
13109, 13128
13113, 13266
13128, 13109
13129, 13226
13130, 13189
13133, 13151
13135, 13198
13137, 13191
13138, 13088
13148, 13182
13148, 13200
13148, 13222
13151, 13133
13180, 13090
13180, 13096
13182, 13148
13182, 13200
13182, 13222
13189, 13130
13190, 13225
13191, 13137
13194, 13205
13195, 13103
13198, 13135
13200, 13148
13200, 13182
13200, 13222
13205, 13194
13209, 13104
13222, 13148
13222, 13182
13222, 13200
13224, 13230
13225, 13190
13226, 13129
13230, 13224
13231, 13263
13252, 13074
13263, 13231
13266, 13113
13278, 13430
13279, 13352
13285, 13427
13294, 13372
13296, 13424
13348, 13438
13352, 13279
13354, 13461
13359, 13443
13359, 13460
13372, 13294
13387, 13453
13405, 13466
13412, 13456
13424, 13296
13427, 13285
13430, 13278
13438, 13348
13443, 13359
13443, 13460
13453, 13387
13456, 13412
13460, 13359
13460, 13443
13461, 13354
13466, 13405
13468, 13533
13480, 13481
13481, 13480
13483, 13577
13497, 13667
13503, 13635
13504, 13545
13504, 13557
13510, 13560
13524, 13567
13533, 13468
13545, 13504
13545, 13557
13557, 13504
13557, 13545
13560, 13510
13565, 13655
13567, 13524
13570, 13630
13576, 13602
13576, 13624
13577, 13483
13580, 13636
13581, 13653
13602, 13576
13602, 13624
13607, 13616
13607, 13663
13610, 13615
13615, 13610
13616, 13607
13624, 13576
13624, 13602
13630, 13570
13635, 13503
13636, 13580
13653, 13581
13655, 13565
13656, 13665
13663, 13607
13665, 13656
13667, 13497
13703, 13803
13709, 13810
13728, 13835
13771, 13794
13783, 13849
13786, 13831
13789, 13854
13794, 13771
13803, 13703
13810, 13709
13811, 13834
13831, 13786
13834, 13811
13835, 13728
13849, 13783
13854, 13789
13870, 14008
13871, 13918
13883, 13892
13892, 13883
13896, 14066
13901, 13998
13901, 14002
13903, 14013
13915, 13956
13918, 13871
13933, 13964
13933, 14028
13933, 14046
13949, 13950
13950, 13949
13956, 13915
13957, 14043
13964, 13933
13964, 14028
13969, 14001
13981, 14001
13984, 13990
13990, 13984
13998, 13901
14001, 13969
14001, 13981
14002, 13901
14008, 13870
14013, 13903
14022, 14038
14028, 13933
14028, 13964
14038, 14022
14043, 13957
14046, 13933
14066, 13896
14074, 14225
14100, 14234
14115, 14214
14147, 14201
14152, 14182
14153, 14205
14158, 14256
14162, 14183
14167, 14197
14180, 14269
14182, 14152
14183, 14162
14184, 14268
14197, 14167
14201, 14147
14205, 14153
14212, 14258
14214, 14115
14216, 14239
14225, 14074
14230, 14257
14234, 14100
14239, 14216
14256, 14158
14257, 14230
14258, 14212
14268, 14184
14269, 14180
14272, 14374
14276, 14277
14277, 14276
14283, 14423
14289, 14303
14295, 14339
14299, 14322
14303, 14289
14317, 14365
14322, 14299
14329, 14398
14334, 14461
14335, 14431
14339, 14295
14365, 14317
14374, 14272
14376, 14437
14392, 14425
14398, 14329
14423, 14283
14425, 14392
14431, 14335
14437, 14376
14461, 14334
14504, 14535
14506, 14638
14531, 14582
14535, 14504
14542, 14547
14547, 14542
14569, 14613
14577, 14583
14580, 14640
14582, 14531
14583, 14577
14592, 14607
14597, 14631
14607, 14592
14611, 14624
14613, 14569
14624, 14611
14631, 14597
14638, 14506
14640, 14580
14680, 14859
14682, 14844
14687, 14824
14711, 14767
14718, 14722
14722, 14718
14733, 14793
14742, 14862
14754, 14833
14766, 14838
14767, 14711
14776, 14823
14783, 14867
14793, 14733
14823, 14776
14824, 14687
14833, 14754
14838, 14766
14844, 14682
14856, 14857
14857, 14856
14859, 14680
14862, 14742
14867, 14783
14891, 15040
14892, 14919
14899, 15026
14909, 14991
14909, 15009
14914, 14945
14919, 14892
14920, 15010
14923, 15069
14945, 14914
14953, 14997
14977, 15042
14985, 15023
14991, 14909
14991, 15009
14997, 14953
15009, 14909
15009, 14991
15010, 14920
15023, 14985
15026, 14899
15040, 14891
15042, 14977
15069, 14923
15088, 15206
15098, 15224
15103, 15120
15116, 15186
15119, 15229
15120, 15103
15130, 15182
15140, 15236
15158, 15210
15166, 15204
15170, 15221
15182, 15130
15186, 15116
15204, 15166
15206, 15088
15210, 15158
15219, 15237
15221, 15170
15224, 15098
15227, 15243
15229, 15119
15233, 15262
15235, 15244
15236, 15140
15236, 15237
15237, 15219
15237, 15236
15243, 15227
15244, 15235
15262, 15233
15278, 15415
15280, 15307
15292, 15410
15303, 15395
15307, 15280
15318, 15441
15335, 15409
15351, 15431
15366, 15445
15372, 15377
15375, 15464
15377, 15372
15395, 15303
15409, 15335
15410, 15292
15415, 15278
15431, 15351
15441, 15318
15445, 15366
15464, 15375
15486, 15629
15498, 15641
15499, 15638
15501, 15513
15509, 15665
15513, 15501
15515, 15602
15520, 15530
15526, 15621
15530, 15520
15551, 15641
15570, 15619
15573, 15645
15577, 15644
15582, 15664
15595, 15636
15602, 15515
15619, 15570
15621, 15526
15628, 15676
15629, 15486
15636, 15595
15638, 15499
15641, 15498
15641, 15551
15644, 15577
15645, 15573
15648, 15673
15664, 15582
15665, 15509
15673, 15648
15676, 15628
15683, 15694
15694, 15683
15695, 15776
15722, 15749
15745, 15827
15749, 15722
15749, 15783
15771, 15774
15774, 15771
15776, 15695
15783, 15749
15818, 15820
15820, 15818
15827, 15745
15885, 15905
15892, 16013
15894, 15913
15901, 15904
15904, 15901
15905, 15885
15913, 15894
15920, 16040
15923, 15975
15941, 16033
15949, 16030
15975, 15923
15976, 15977
15977, 15976
15982, 16045
15989, 16024
15994, 16005
16005, 15994
16013, 15892
16024, 15989
16026, 16028
16028, 16026
16030, 15949
16033, 15941
16040, 15920
16045, 15982
16086, 16198
16105, 16168
16107, 16135
16121, 16244
16135, 16107
16136, 16177
16145, 16225
16149, 16154
16151, 16234
16154, 16149
16163, 16215
16168, 16105
16175, 16185
16177, 16136
16182, 16210
16185, 16175
16198, 16086
16210, 16182
16215, 16163
16225, 16145
16234, 16151
16244, 16121
16258, 16261
16261, 16258
16297, 16304
16302, 16313
16302, 16314
16304, 16297
16305, 16384
16313, 16302
16313, 16314
16314, 16302
16314, 16313
16384, 16305
16420, 16449
16449, 16420
16486, 16538
16513, 16595
16514, 16515
16515, 16514
16517, 16617
16534, 16632
16538, 16486
16544, 16655
16551, 16579
16569, 16614
16576, 16621
16579, 16551
16595, 16513
16613, 16670
16614, 16569
16616, 16659
16617, 16517
16621, 16576
16632, 16534
16655, 16544
16659, 16616
16670, 16613
16688, 16692
16688, 16710
16692, 16688
16692, 16710
16696, 16842
16710, 16688
16710, 16692
16717, 16831
16720, 16777
16729, 16805
16738, 16882
16744, 16843
16752, 16789
16764, 16771
16766, 16818
16769, 16855
16771, 16764
16775, 16850
16776, 16810
16777, 16720
16789, 16752
16805, 16729
16810, 16776
16814, 16852
16818, 16766
16831, 16717
16835, 16848
16842, 16696
16843, 16744
16848, 16835
16850, 16775
16852, 16814
16855, 16769
16860, 16879
16879, 16860
16882, 16738
16897, 16929
16901, 16971
16905, 17015
16913, 17053
16916, 17039
16919, 17019
16929, 16897
16930, 16932
16931, 17003
16932, 16930
16938, 16952
16949, 17083
16952, 16938
16969, 17048
16971, 16901
17003, 16931
17008, 17011
17011, 17008
17015, 16905
17019, 16919
17022, 17035
17023, 17074
17035, 17022
17039, 16916
17048, 16969
17053, 16913
17074, 17023
17083, 16949
17086, 17148
17094, 17155
17104, 17115
17113, 17226
17115, 17104
17116, 17136
17116, 17141
17119, 17281
17128, 17181
17136, 17116
17136, 17141
17137, 17276
17139, 17157
17140, 17206
17141, 17116
17141, 17136
17148, 17086
17152, 17190
17155, 17094
17157, 17139
17157, 17188
17158, 17223
17163, 17195
17167, 17225
17168, 17220
17181, 17128
17188, 17157
17190, 17152
17195, 17163
17206, 17140
17220, 17168
17223, 17158
17225, 17167
17226, 17113
17276, 17137
17281, 17119
17305, 17479
17306, 17416
17306, 17445
17327, 17380
17329, 17410
17360, 17431
17376, 17377
17377, 17376
17380, 17327
17410, 17329
17416, 17306
17416, 17445
17419, 17473
17431, 17360
17445, 17306
17445, 17416
17473, 17419
17479, 17305
17489, 17588
17495, 17590
17509, 17543
17512, 17627
17528, 17561
17540, 17552
17543, 17509
17549, 17619
17552, 17540
17554, 17618
17561, 17528
17580, 17617
17582, 17586
17586, 17582
17587, 17606
17588, 17489
17590, 17495
17604, 17622
17606, 17587
17617, 17580
17618, 17554
17619, 17549
17622, 17604
17627, 17512
17689, 17695
17695, 17689
17707, 17718
17712, 17722
17718, 17707
17722, 17712
17723, 17771
17723, 17823
17733, 17782
17735, 17806
17740, 17842
17741, 17770
17744, 17789
17770, 17741
17771, 17723
17771, 17823
17782, 17733
17789, 17744
17794, 17812
17806, 17735
17807, 17833
17812, 17794
17823, 17723
17823, 17771
17833, 17807
17838, 17849
17842, 17740
17849, 17838
17893, 17952
17894, 17945
17903, 17926
17907, 18010
17911, 18085
17925, 17935
17926, 17903
17931, 17984
17935, 17925
17938, 18029
17943, 17956
17945, 17894
17950, 18056
17952, 17893
17953, 17995
17956, 17943
17971, 18053
17971, 18057
17981, 18066
17982, 17990
17984, 17931
17990, 17982
17995, 17953
18010, 17907
18029, 17938
18053, 17971
18053, 18057
18056, 17950
18057, 17971
18057, 18053
18066, 17981
18085, 17911
18098, 18119
18102, 18164
18102, 18250
18103, 18196
18104, 18131
18106, 18121
18109, 18158
18109, 18258
18119, 18098
18121, 18106
18125, 18225
18131, 18104
18134, 18145
18145, 18134
18147, 18166
18153, 18286
18158, 18109
18158, 18258
18161, 18238
18162, 18180
18164, 18102
18164, 18250
18166, 18147
18180, 18162
18196, 18103
18225, 18125
18238, 18161
18250, 18102
18250, 18164
18258, 18109
18258, 18158
18286, 18153
18307, 18450
18310, 18462
18320, 18434
18323, 18388
18330, 18352
18352, 18330
18356, 18389
18357, 18459
18363, 18435
18382, 18384
18384, 18382
18388, 18323
18389, 18356
18390, 18453
18394, 18456
18425, 18429
18429, 18425
18433, 18479
18434, 18320
18435, 18363
18450, 18307
18453, 18390
18456, 18394
18459, 18357
18462, 18310
18479, 18433
18498, 18600
18500, 18520
18519, 18616
18520, 18500
18532, 18630
18569, 18572
18572, 18569
18580, 18687
18599, 18658
18600, 18498
18609, 18627
18614, 18629
18616, 18519
18627, 18609
18629, 18614
18630, 18532
18652, 18660
18658, 18599
18660, 18652
18678, 18680
18680, 18678
18687, 18580
18697, 18777
18702, 18804
18705, 18887
18720, 18863
18729, 18843
18742, 18820
18742, 18882
18749, 18796
18755, 18759
18759, 18755
18762, 18819
18777, 18697
18796, 18749
18804, 18702
18819, 18762
18820, 18742
18833, 18863
18843, 18729
18847, 18891
18853, 18859
18859, 18853
18863, 18720
18863, 18833
18882, 18742
18887, 18705
18891, 18847
18899, 19002
18943, 18969
18943, 19066
18969, 18943
18969, 19066
18983, 18986
18986, 18983
18988, 19060
18992, 19014
18998, 19092
19002, 18899
19014, 18992
19017, 19081
19021, 19028
19028, 19021
19039, 19061
19040, 19043
19043, 19040
19058, 19071
19060, 18988
19061, 19039
19066, 18943
19066, 18969
19071, 19058
19081, 19017
19092, 18998
19101, 19114
19102, 19210
19111, 19155
19114, 19101
19114, 19146
19118, 19199
19124, 19295
19131, 19150
19145, 19205
19146, 19114
19150, 19131
19153, 19290
19155, 19111
19156, 19257
19178, 19204
19178, 19230
19183, 19238
19183, 19244
19185, 19286
19189, 19221
19190, 19289
19193, 19194
19194, 19193
19199, 19118
19204, 19178
19204, 19230
19205, 19145
19210, 19102
19216, 19222
19221, 19189
19222, 19216
19230, 19178
19230, 19204
19238, 19183
19238, 19244
19244, 19183
19244, 19238
19255, 19291
19257, 19156
19265, 19281
19281, 19265
19286, 19185
19289, 19190
19290, 19153
19291, 19255
19295, 19124
19317, 19441
19318, 19425
19351, 19387
19358, 19439
19360, 19365
19365, 19360
19373, 19455
19378, 19496
19380, 19400
19380, 19406
19387, 19351
19388, 19491
19393, 19426
19400, 19380
19406, 19380
19407, 19494
19425, 19318
19426, 19393
19435, 19483
19439, 19358
19441, 19317
19442, 19465
19455, 19373
19465, 19442
19483, 19435
19491, 19388
19494, 19407
19496, 19378
19512, 19607
19520, 19576
19522, 19663
19549, 19584
19550, 19695
19560, 19642
19569, 19691
19576, 19520
19582, 19656
19584, 19549
19601, 19669
19607, 19512
19618, 19686
19625, 19654
19642, 19560
19654, 19625
19656, 19582
19663, 19522
19668, 19692
19669, 19601
19686, 19618
19691, 19569
19692, 19668
19695, 19550
19705, 19730
19712, 19773
19712, 19810
19723, 19791
19724, 19785
19727, 19862
19730, 19705
19735, 19754
19754, 19735
19762, 19870
19766, 19788
19773, 19712
19773, 19810
19780, 19822
19785, 19724
19788, 19766
19791, 19723
19791, 19824
19810, 19712
19810, 19773
19821, 19897
19822, 19780
19824, 19791
19862, 19727
19870, 19762
19879, 19881
19881, 19879
19886, 19895
19895, 19886
19897, 19821
19921, 19935
19932, 19983
19935, 19921
19937, 20029
19970, 20066
19971, 20067
19983, 19932
20029, 19937
20032, 20065
20065, 20032
20066, 19970
20067, 19971
20101, 20137
20122, 20238
20137, 20101
20160, 20241
20180, 20270
20192, 20288
20199, 20269
20212, 20264
20225, 20298
20227, 20276
20238, 20122
20241, 20160
20242, 20300
20264, 20212
20269, 20199
20270, 20180
20276, 20227
20288, 20192
20298, 20225
20300, 20242
20306, 20345
20310, 20381
20315, 20471
20317, 20373
20320, 20427
20324, 20388
20325, 20445
20325, 20501
20328, 20386
20331, 20403
20332, 20433
20340, 20346
20345, 20306
20346, 20340
20359, 20364
20364, 20359
20370, 20378
20373, 20317
20374, 20468
20378, 20370
20381, 20310
20384, 20436
20386, 20328
20388, 20324
20397, 20469
20403, 20331
20423, 20451
20427, 20320
20433, 20332
20433, 20460
20436, 20384
20445, 20325
20445, 20501
20451, 20423
20460, 20433
20468, 20374
20469, 20397
20471, 20315
20477, 20479
20479, 20477
20479, 20485
20485, 20479
20501, 20325
20501, 20445
20503, 20524
20504, 20594
20511, 20681
20524, 20503
20528, 20675
20530, 20590
20531, 20654
20533, 20566
20536, 20558
20551, 20599
20558, 20536
20566, 20533
20567, 20583
20579, 20604
20579, 20627
20579, 20690
20583, 20567
20590, 20530
20594, 20504
20599, 20551
20604, 20579
20604, 20627
20604, 20690
20611, 20637
20612, 20643
20615, 20648
20627, 20579
20627, 20604
20627, 20690
20637, 20611
20643, 20612
20648, 20615
20654, 20531
20675, 20528
20681, 20511
20690, 20579
20690, 20604
20690, 20627
20710, 20852
20711, 20871
20715, 20716
20716, 20715
20725, 20780
20765, 20787
20765, 20870
20780, 20725
20787, 20765
20787, 20870
20791, 20862
20791, 20890
20828, 20849
20831, 20880
20849, 20828
20849, 20892
20852, 20710
20862, 20791
20870, 20765
20870, 20787
20871, 20711
20880, 20831
20890, 20791
20892, 20849
20906, 21019
20908, 20972
20916, 20953
20916, 21018
20916, 21037
20918, 21030
20919, 20936
20936, 20919
20942, 20968
20950, 20966
20950, 21092
20951, 20988
20953, 20916
20953, 21018
20954, 21026
20960, 21030
20966, 20950
20968, 20942
20972, 20908
20988, 20951
20990, 21052
21012, 21023
21018, 20916
21018, 20953
21019, 20906
21023, 21012
21026, 20954
21029, 21042
21030, 20918
21030, 20960
21036, 21100
21037, 20916
21038, 21056
21042, 21029
21052, 20990
21056, 21038
21092, 20950
21100, 21036
21113, 21301
21117, 21299
21136, 21190
21176, 21231
21188, 21240
21190, 21136
21198, 21210
21199, 21239
21205, 21247
21210, 21198
21211, 21231
21231, 21176
21231, 21211
21239, 21199
21240, 21188
21247, 21205
21253, 21255
21255, 21253
21278, 21296
21296, 21278
21299, 21117
21301, 21113
21310, 21474
21314, 21504
21332, 21497
21343, 21411
21347, 21412
21394, 21500
21400, 21433
21411, 21343
21412, 21347
21433, 21400
21439, 21479
21474, 21310
21479, 21439
21497, 21332
21500, 21394
21504, 21314
21534, 21610
21538, 21601
21539, 21650
21540, 21578
21550, 21573
21554, 21704
21556, 21693
21562, 21639
21573, 21550
21578, 21540
21581, 21637
21590, 21642
21592, 21615
21596, 21649
21601, 21538
21606, 21684
21610, 21534
21615, 21592
21617, 21704
21618, 21633
21633, 21618
21637, 21581
21639, 21562
21642, 21590
21649, 21596
21650, 21539
21684, 21606
21693, 21556
21704, 21554
21704, 21617
21724, 21801
21735, 21746
21738, 21859
21746, 21735
21754, 21842
21757, 21810
21763, 21802
21763, 21848
21765, 21782
21775, 21895
21782, 21765
21791, 21843
21791, 21865
21801, 21724
21802, 21763
21807, 21809
21807, 21812
21808, 21851
21809, 21807
21810, 21757
21812, 21807
21842, 21754
21843, 21791
21843, 21865
21846, 21880
21848, 21763
21851, 21808
21854, 21868
21859, 21738
21865, 21791
21865, 21843
21868, 21854
21880, 21846
21895, 21775
21898, 21902
21902, 21898
21911, 22000
21911, 22095
21913, 22103
21915, 21917
21917, 21915
21917, 22054
21923, 22063
21925, 21950
21926, 21978
21927, 21975
21930, 21989
21931, 22034
21931, 22073
21950, 21925
21954, 21967
21965, 22097
21967, 21954
21972, 22086
21975, 21927
21978, 21926
21980, 21996
21981, 22074
21982, 21986
21986, 21982
21989, 21930
21996, 21980
22000, 21911
22008, 22077
22011, 22081
22017, 22059
22034, 21931
22034, 22073
22054, 21917
22059, 22017
22063, 21923
22073, 21931
22073, 22034
22074, 21981
22077, 22008
22081, 22011
22086, 21972
22095, 21911
22097, 21965
22103, 21913
22135, 22212
22148, 22268
22148, 22298
22160, 22161
22161, 22160
22170, 22183
22172, 22265
22176, 22211
22182, 22277
22183, 22170
22211, 22176
22212, 22135
22228, 22261
22259, 22276
22261, 22228
22265, 22172
22268, 22148
22268, 22298
22276, 22259
22277, 22182
22279, 22307
22285, 22292
22292, 22285
22298, 22148
22298, 22268
22307, 22279
22333, 22360
22346, 22446
22360, 22333
22365, 22478
22375, 22458
22390, 22474
22405, 22434
22414, 22482
22415, 22507
22434, 22405
22434, 22442
22442, 22434
22446, 22346
22458, 22375
22474, 22390
22478, 22365
22482, 22414
22489, 22492
22492, 22489
22507, 22415
22539, 22563
22544, 22575
22549, 22660
22555, 22664
22560, 22586
22563, 22539
22567, 22589
22575, 22544
22586, 22560
22589, 22567
22595, 22647
22608, 22689
22634, 22703
22647, 22595
22652, 22654
22654, 22652
22654, 22700
22660, 22549
22664, 22555
22689, 22608
22700, 22654
22703, 22634
22715, 22735
22718, 22909
22727, 22734
22728, 22782
22734, 22727
22735, 22715
22762, 22808
22763, 22783
22769, 22855
22773, 22841
22782, 22728
22783, 22763
22788, 22798
22798, 22788
22802, 22906
22808, 22762
22813, 22856
22841, 22773
22855, 22769
22856, 22813
22860, 22902
22902, 22860
22906, 22802
22909, 22718
22926, 22952
22933, 23059
22938, 23036
22944, 23063
22945, 23100
22952, 22926
22959, 22970
22959, 23060
22966, 23044
22970, 22959
22970, 23060
22980, 23047
22981, 23080
22999, 23114
23026, 23054
23036, 22938
23044, 22966
23047, 22980
23054, 23026
23059, 22933
23060, 22959
23060, 22970
23063, 22944
23080, 22981
23100, 22945
23114, 22999
23124, 23144
23127, 23169
23130, 23226
23142, 23153
23144, 23124
23153, 23142
23158, 23262
23167, 23280
23169, 23127
23173, 23308
23178, 23223
23178, 23283
23180, 23212
23186, 23279
23212, 23180
23223, 23178
23226, 23130
23227, 23255
23255, 23227
23262, 23158
23264, 23301
23279, 23186
23280, 23167
23283, 23178
23301, 23264
23308, 23173
23317, 23320
23320, 23317
23321, 23365
23338, 23414
23346, 23441
23354, 23408
23355, 23455
23360, 23378
23360, 23415
23361, 23381
23365, 23321
23378, 23360
23378, 23415
23381, 23361
23408, 23354
23410, 23419
23412, 23493
23414, 23338
23415, 23360
23415, 23378
23419, 23410
23440, 23449
23441, 23346
23449, 23440
23455, 23355
23457, 23466
23466, 23457
23468, 23477
23477, 23468
23481, 23510
23488, 23489
23489, 23488
23493, 23412
23510, 23481
23521, 23564
23534, 23625
23536, 23644
23536, 23705
23542, 23694
23564, 23521
23571, 23666
23579, 23689
23580, 23613
23592, 23671
23592, 23683
23600, 23652
23602, 23666
23613, 23580
23625, 23534
23630, 23684
23644, 23536
23644, 23705
23644, 23708
23652, 23600
23666, 23571
23666, 23602
23669, 23683
23671, 23592
23671, 23683
23683, 23592
23683, 23669
23683, 23671
23684, 23630
23689, 23579
23694, 23542
23705, 23536
23705, 23644
23708, 23644
23737, 23815
23738, 23858
23746, 23799
23746, 23918
23753, 23853
23762, 23781
23762, 23793
23768, 23772
23772, 23768
23780, 23820
23781, 23762
23793, 23762
23799, 23746
23799, 23918
23806, 23829
23815, 23737
23818, 23890
23820, 23780
23826, 23836
23829, 23806
23830, 23839
23836, 23826
23839, 23830
23850, 23908
23853, 23753
23857, 23887
23858, 23738
23887, 23857
23890, 23818
23908, 23850
23918, 23746
23918, 23799
23920, 24059
23921, 24061
23923, 23990
23924, 24044
23927, 24003
23928, 24107
23935, 24078
23939, 23992
23954, 24054
23956, 24074
23963, 23973
23973, 23963
23990, 23923
23992, 23939
24003, 23927
24012, 24065
24018, 24024
24018, 24083
24024, 24018
24024, 24083
24030, 24046
24039, 24110
24044, 23924
24046, 24030
24054, 23954
24059, 23920
24061, 23921
24065, 24012
24074, 23956
24078, 23935
24083, 24018
24083, 24024
24107, 23928
24110, 24039
24124, 24141
24126, 24137
24133, 24202
24135, 24253
24137, 24126
24141, 24124
24147, 24200
24155, 24255
24159, 24239
24165, 24242
24191, 24245
24200, 24147
24202, 24133
24239, 24159
24242, 24165
24245, 24191
24253, 24135
24255, 24155
24263, 24267
24267, 24263
24275, 24279
24279, 24275
24291, 24316
24316, 24291
24327, 24424
24340, 24493
24342, 24354
24354, 24342
24356, 24380
24356, 24381
24356, 24404
24356, 24438
24356, 24456
24356, 24522
24368, 24514
24378, 24430
24380, 24356
24380, 24381
24380, 24404
24380, 24438
24380, 24456
24380, 24522
24381, 24356
24381, 24380
24381, 24404
24381, 24438
24381, 24456
24381, 24522
24386, 24521
24393, 24415
24395, 24467
24404, 24356
24404, 24380
24404, 24381
24404, 24438
24404, 24456
24404, 24522
24412, 24459
24415, 24393
24416, 24448
24423, 24473
24424, 24327
24430, 24378
24431, 24514
24438, 24356
24438, 24380
24438, 24381
24438, 24404
24438, 24456
24438, 24522
24445, 24490
24448, 24416
24456, 24356
24456, 24380
24456, 24381
24456, 24404
24456, 24438
24456, 24522
24459, 24412
24467, 24395
24473, 24423
24490, 24445
24493, 24340
24514, 24368
24514, 24431
24521, 24386
24522, 24356
24522, 24380
24522, 24381
24522, 24404
24522, 24438
24522, 24456
24523, 24552
24528, 24646
24531, 24664
24535, 24546
24539, 24658
24546, 24535
24552, 24523
24553, 24625
24566, 24585
24578, 24710
24585, 24566
24596, 24684
24601, 24606
24606, 24601
24617, 24718
24619, 24627
24625, 24553
24627, 24619
24646, 24528
24649, 24694
24658, 24539
24664, 24531
24684, 24596
24694, 24649
24710, 24578
24718, 24617
24725, 24886
24727, 24743
24732, 24848
24732, 24895
24735, 24883
24736, 24755
24743, 24727
24748, 24816
24748, 24902
24752, 24841
24755, 24736
24777, 24825
24782, 24920
24800, 24919
24803, 24854
24807, 24862
24816, 24748
24825, 24777
24841, 24752
24842, 24885
24848, 24732
24854, 24803
24862, 24807
24874, 24875
24875, 24874
24883, 24735
24885, 24842
24886, 24725
24895, 24732
24902, 24748
24919, 24800
24920, 24782
24925, 24992
24932, 24940
24939, 25051
24940, 24932
24942, 25020
24946, 25030
24951, 24993
24959, 25059
24959, 25081
24975, 25004
24977, 24986
24986, 24977
24989, 25092
24991, 25077
24992, 24925
24993, 24951
24994, 25051
25004, 24975
25018, 25091
25020, 24942
25026, 25122
25030, 24946
25031, 25121
25050, 25075
25051, 24939
25051, 24994
25059, 24959
25059, 25081
25069, 25092
25074, 25097
25075, 25050
25077, 24991
25081, 24959
25081, 25059
25091, 25018
25092, 24989
25092, 25069
25097, 25074
25098, 25119
25119, 25098
25121, 25031
25122, 25026
25126, 25226
25133, 25197
25141, 25188
25146, 25228
25149, 25279
25154, 25155
25155, 25154
25158, 25318
25159, 25295
25160, 25260
25169, 25175
25175, 25169
25181, 25277
25185, 25264
25188, 25141
25197, 25133
25219, 25267
25224, 25243
25226, 25126
25228, 25146
25231, 25256
25231, 25319
25236, 25265
25243, 25224
25256, 25231
25256, 25319
25260, 25160
25264, 25185
25265, 25236
25267, 25219
25277, 25181
25279, 25149
25295, 25159
25296, 25325
25318, 25158
25319, 25231
25319, 25256
25325, 25296
25334, 25392
25342, 25353
25347, 25375
25350, 25381
25353, 25342
25365, 25522
25369, 25391
25375, 25347
25381, 25350
25383, 25477
25391, 25369
25392, 25334
25393, 25525
25396, 25445
25396, 25516
25397, 25423
25401, 25424
25423, 25397
25424, 25401
25426, 25464
25428, 25522
25445, 25396
25445, 25516
25464, 25426
25477, 25383
25516, 25396
25516, 25445
25522, 25365
25522, 25428
25525, 25393
25532, 25560
25539, 25652
25540, 25645
25549, 25563
25560, 25532
25563, 25549
25567, 25615
25576, 25633
25599, 25608
25608, 25599
25615, 25567
25629, 25673
25633, 25576
25638, 25721
25645, 25540
25652, 25539
25655, 25677
25673, 25629
25677, 25655
25721, 25638
25730, 25899
25736, 25873
25749, 25758
25749, 25827
25752, 25802
25757, 25805
25758, 25749
25758, 25827
25764, 25839
25768, 25786
25772, 25889
25786, 25768
25792, 25888
25794, 25867
25802, 25752
25805, 25757
25823, 25874
25827, 25749
25827, 25758
25829, 25905
25832, 25834
25834, 25832
25839, 25764
25847, 25915
25867, 25794
25873, 25736
25874, 25823
25877, 25894
25888, 25792
25889, 25772
25894, 25877
25899, 25730
25905, 25829
25915, 25847
25949, 26094
25949, 26116
25958, 25963
25961, 25984
25963, 25958
25977, 26004
25984, 25961
25992, 26060
26004, 25977
26023, 26126
26054, 26097
26058, 26127
26060, 25992
26088, 26123
26094, 25949
26094, 26116
26097, 26054
26110, 26113
26113, 26110
26116, 25949
26116, 26094
26123, 26088
26126, 26023
26127, 26058
26132, 26264
26139, 26169
26169, 26139
26204, 26316
26207, 26241
26229, 26281
26241, 26207
26257, 26300
26264, 26132
26275, 26297
26280, 26327
26281, 26229
26297, 26275
26300, 26257
26307, 26330
26316, 26204
26327, 26280
26330, 26307
26336, 26428
26339, 26442
26347, 26531
26361, 26418
26363, 26397
26364, 26369
26366, 26438
26366, 26466
26369, 26364
26378, 26411
26397, 26363
26408, 26450
26411, 26378
26416, 26476
26418, 26361
26428, 26336
26431, 26528
26432, 26525
26437, 26475
26438, 26366
26438, 26466
26442, 26339
26450, 26408
26466, 26366
26466, 26438
26475, 26437
26476, 26416
26485, 26508
26498, 26522
26508, 26485
26522, 26498
26525, 26432
26528, 26431
26531, 26347
26536, 26595
26544, 26732
26561, 26684
26595, 26536
26600, 26623
26623, 26600
26625, 26657
26630, 26664
26633, 26666
26657, 26625
26664, 26630
26666, 26633
26674, 26680
26680, 26674
26684, 26561
26690, 26709
26707, 26712
26709, 26690
26712, 26707
26732, 26544
26734, 26815
26737, 26893
26738, 26801
26745, 26746
26746, 26745
26752, 26834
26755, 26879
26758, 26845
26772, 26823
26784, 26891
26792, 26810
26792, 26828
26797, 26919
26800, 26872
26801, 26738
26808, 26931
26810, 26792
26810, 26828
26815, 26734
26823, 26772
26828, 26792
26828, 26810
26834, 26752
26844, 26859
26845, 26758
26851, 26881
26859, 26844
26863, 26867
26867, 26863
26872, 26800
26879, 26755
26881, 26851
26891, 26784
26893, 26737
26919, 26797
26931, 26808
26940, 26961
26942, 26998
26949, 26997
26954, 27073
26961, 26940
26967, 27101
26983, 27093
26985, 27103
26997, 26949
26998, 26942
27015, 27129
27017, 27069
27018, 27098
27029, 27048
27031, 27046
27037, 27128
27046, 27031
27048, 27029
27066, 27133
27069, 27017
27073, 26954
27093, 26983
27098, 27018
27101, 26967
27103, 26985
27114, 27116
27116, 27114
27128, 27037
27129, 27015
27133, 27066
27139, 27287
27151, 27256
27153, 27277
27164, 27280
27189, 27200
27191, 27236
27195, 27221
27200, 27189
27207, 27312
27221, 27195
27222, 27239
27232, 27267
27235, 27289
27236, 27191
27239, 27222
27256, 27151
27263, 27274
27267, 27232
27274, 27263
27277, 27153
27280, 27164
27287, 27139
27289, 27235
27312, 27207
27349, 27466
27350, 27374
27354, 27470
27366, 27418
27366, 27460
27370, 27532
27374, 27350
27385, 27392
27392, 27385
27393, 27452
27399, 27407
27402, 27414
27406, 27480
27407, 27399
27414, 27402
27418, 27366
27418, 27460
27449, 27451
27451, 27449
27452, 27393
27460, 27366
27460, 27418
27466, 27349
27470, 27354
27480, 27406
27486, 27509
27509, 27486
27523, 27534
27532, 27370
27534, 27523
27555, 27573
27556, 27656
27560, 27566
27560, 27588
27563, 27661
27565, 27601
27566, 27560
27566, 27588
27567, 27600
27573, 27555
27588, 27560
27588, 27566
27593, 27736
27600, 27567
27601, 27565
27617, 27641
27622, 27689
27623, 27634
27634, 27623
27641, 27617
27656, 27556
27661, 27563
27689, 27622
27726, 27732
27732, 27726
27736, 27593
27753, 27811
27754, 27843
27754, 27844
27766, 27802
27769, 27805
27802, 27766
27805, 27769
27811, 27753
27831, 27833
27833, 27831
27839, 27848
27842, 27909
27843, 27754
27843, 27844
27844, 27754
27844, 27843
27848, 27839
27852, 27915
27900, 27933
27909, 27842
27915, 27852
27933, 27900
27943, 28090
27956, 28001
27971, 27988
27978, 27984
27980, 28036
27983, 28047
27984, 27978
27985, 27993
27988, 27971
27991, 28130
27993, 27985
28001, 27956
28035, 28099
28036, 27980
28039, 28063
28047, 27983
28063, 28039
28090, 27943
28099, 28035
28130, 27991
28143, 28291
28147, 28254
28173, 28227
28175, 28275
28227, 28173
28229, 28300
28250, 28284
28254, 28147
28254, 28274
28266, 28333
28274, 28254
28275, 28175
28284, 28250
28291, 28143
28300, 28229
28333, 28266
28348, 28369
28357, 28386
28358, 28396
28359, 28429
28361, 28529
28366, 28537
28369, 28348
28375, 28440
28380, 28507
28382, 28486
28386, 28357
28396, 28358
28404, 28485
28408, 28493
28424, 28476
28429, 28359
28440, 28375
28443, 28501
28443, 28518
28444, 28485
28476, 28424
28485, 28404
28485, 28444
28486, 28382
28493, 28408
28501, 28443
28501, 28518
28507, 28380
28516, 28523
28518, 28443
28518, 28501
28523, 28516
28529, 28361
28537, 28366
28570, 28582
28579, 28662
28582, 28570
28620, 28738
28637, 28702
28662, 28579
28672, 28706
28702, 28637
28706, 28672
28738, 28620
28744, 28759
28744, 28903
28759, 28744
28768, 28896
28774, 28902
28792, 28831
28806, 28886
28809, 28817
28817, 28809
28824, 28841
28826, 28878
28831, 28792
28841, 28824
28878, 28826
28886, 28806
28896, 28768
28902, 28774
28903, 28744
28948, 29019
28953, 29046
28968, 29041
28975, 29104
28976, 29096
28977, 29121
28981, 29074
28982, 29083
28990, 29093
28999, 29030
29004, 29141
29019, 28948
29027, 29079
29030, 28999
29036, 29127
29041, 28968
29041, 29140
29043, 29123
29046, 28953
29074, 28981
29079, 29027
29083, 28982
29093, 28990
29096, 28976
29104, 28975
29105, 29134
29106, 29137
29111, 29142
29121, 28977
29123, 29043
29127, 29036
29134, 29105
29137, 29106
29140, 29041
29141, 29004
29142, 29111
29149, 29267
29154, 29240
29157, 29251
29159, 29192
29174, 29318
29179, 29269
29185, 29324
29192, 29159
29194, 29309
29200, 29267
29207, 29289
29211, 29299
29240, 29154
29243, 29250
29247, 29339
29248, 29255
29250, 29243
29251, 29157
29255, 29248
29267, 29149
29267, 29200
29269, 29179
29277, 29290
29277, 29313
29278, 29306
29289, 29207
29290, 29277
29290, 29313
29299, 29211
29306, 29278
29309, 29194
29313, 29277
29313, 29290
29318, 29174
29324, 29185
29339, 29247
29343, 29344
29344, 29343
29354, 29454
29358, 29505
29364, 29373
29364, 29431
29373, 29364
29382, 29496
29383, 29518
29385, 29410
29389, 29482
29390, 29407
29397, 29488
29407, 29390
29409, 29428
29410, 29385
29428, 29409
29431, 29364
29454, 29354
29467, 29515
29473, 29537
29482, 29389
29488, 29397
29496, 29382
29498, 29519
29505, 29358
29515, 29467
29518, 29383
29519, 29498
29537, 29473
29576, 29687
29581, 29646
29582, 29682
29584, 29613
29584, 29651
29594, 29628
29596, 29690
29598, 29643
29599, 29633
29613, 29584
29618, 29744
29628, 29594
29632, 29707
29633, 29599
29637, 29737
29638, 29688
29639, 29713
29643, 29598
29643, 29706
29646, 29581
29649, 29705
29651, 29584
29682, 29582
29687, 29576
29688, 29638
29688, 29696
29690, 29596
29696, 29688
29696, 29724
29701, 29716
29705, 29649
29706, 29643
29706, 29717
29707, 29632
29713, 29639
29716, 29701
29717, 29706
29724, 29696
29737, 29637
29744, 29618
29752, 29778
29752, 29793
29761, 29786
29773, 29859
29773, 29862
29774, 29798
29778, 29752
29780, 29820
29786, 29761
29789, 29907
29789, 29913
29793, 29752
29798, 29774
29799, 29910
29806, 29948
29811, 29853
29820, 29780
29853, 29811
29859, 29773
29859, 29862
29862, 29773
29862, 29859
29906, 29920
29907, 29789
29907, 29913
29910, 29799
29912, 29946
29913, 29789
29913, 29907
29917, 29943
29920, 29906
29934, 29937
29937, 29934
29943, 29917
29946, 29912
29948, 29806
29953, 30000
29954, 30004
29955, 30034
29961, 30119
29970, 30001
29972, 30067
29977, 29980
29980, 29977
29981, 30014
29987, 30046
29989, 30007
29990, 30036
29996, 30117
30000, 29953
30001, 29970
30002, 30018
30004, 29954
30007, 29989
30014, 29981
30018, 30002
30021, 30090
30029, 30048
30031, 30060
30034, 29955
30036, 29990
30046, 29987
30048, 30029
30051, 30077
30060, 30031
30067, 29972
30077, 30051
30085, 30145
30090, 30021
30117, 29996
30119, 29961
30145, 30085
30166, 30217
30167, 30171
30171, 30167
30174, 30317
30184, 30196
30188, 30252
30191, 30292
30196, 30184
30204, 30348
30215, 30340
30216, 30248
30217, 30166
30219, 30227
30227, 30219
30233, 30285
30248, 30216
30252, 30188
30264, 30282
30279, 30338
30282, 30264
30285, 30233
30291, 30319
30292, 30191
30317, 30174
30319, 30291
30338, 30279
30340, 30215
30348, 30204
30352, 30475
30357, 30510
30367, 30523
30370, 30432
30372, 30429
30381, 30506
30383, 30444
30386, 30486
30402, 30505
30420, 30540
30429, 30372
30430, 30503
30432, 30370
30441, 30442
30442, 30441
30444, 30383
30445, 30521
30449, 30465
30451, 30453
30453, 30451
30465, 30449
30475, 30352
30478, 30539
30486, 30386
30503, 30430
30505, 30402
30506, 30381
30510, 30357
30518, 30543
30521, 30445
30523, 30367
30528, 30538
30538, 30528
30539, 30478
30540, 30420
30543, 30518
30554, 30729
30556, 30571
30564, 30673
30571, 30556
30572, 30651
30576, 30720
30582, 30667
30607, 30655
30615, 30720
30621, 30643
30643, 30621
30648, 30680
30651, 30572
30655, 30607
30667, 30582
30673, 30564
30680, 30648
30711, 30723
30718, 30746
30720, 30576
30720, 30615
30723, 30711
30729, 30554
30746, 30718
30771, 30907
30777, 30949
30780, 30802
30802, 30780
30816, 30941
30817, 30923
30828, 30864
30830, 30833
30833, 30830
30838, 30930
30841, 30948
30854, 30902
30856, 30953
30864, 30828
30902, 30854
30907, 30771
30923, 30817
30930, 30838
30941, 30816
30948, 30841
30949, 30777
30953, 30856
30966, 31028
30974, 30976
30976, 30974
30993, 31142
31018, 31080
31022, 31112
31024, 31041
31028, 30966
31035, 31036
31036, 31035
31038, 31050
31041, 31024
31042, 31119
31050, 31038
31080, 31018
31089, 31111
31111, 31089
31112, 31022
31119, 31042
31142, 30993
31150, 31152
31152, 31150
31156, 31303
31163, 31260
31169, 31170
31170, 31169
31240, 31346
31243, 31334
31260, 31163
31274, 31291
31280, 31341
31281, 31328
31285, 31313
31287, 31299
31291, 31274
31299, 31287
31303, 31156
31313, 31285
31328, 31281
31334, 31243
31341, 31280
31346, 31240
31360, 31456
31378, 31527
31380, 31486
31385, 31436
31398, 31472
31398, 31550
31411, 31430
31411, 31553
31413, 31501
31425, 31481
31428, 31470
31430, 31411
31430, 31553
31436, 31385
31437, 31469
31441, 31472
31456, 31360
31469, 31437
31470, 31428
31472, 31398
31472, 31441
31472, 31550
31481, 31425
31483, 31499
31486, 31380
31499, 31483
31501, 31413
31527, 31378
31550, 31398
31550, 31472
31553, 31411
31553, 31430
31563, 31570
31563, 31589
31570, 31563
31570, 31589
31571, 31631
31589, 31563
31589, 31570
31631, 31571
31661, 31751
31661, 31753
31668, 31699
31692, 31714
31699, 31668
31701, 31721
31705, 31743
31714, 31692
31721, 31701
31743, 31705
31751, 31661
31753, 31661
31759, 31814
31759, 31906
31760, 31789
31784, 31823
31785, 31918
31789, 31760
31791, 31910
31793, 31893
31814, 31759
31823, 31784
31839, 31851
31840, 31882
31840, 31892
31844, 31919
31846, 31887
31851, 31839
31852, 31922
31861, 31898
31863, 31924
31869, 31929
31877, 31923
31882, 31840
31882, 31892
31887, 31846
31892, 31840
31892, 31882
31893, 31793
31898, 31861
31906, 31759
31910, 31791
31918, 31785
31919, 31844
31922, 31852
31923, 31877
31924, 31863
31929, 31869
31966, 32044
31972, 32108
31990, 32041
32012, 32159
32023, 32124
32039, 32098
32041, 31990
32044, 31966
32063, 32157
32065, 32089
32089, 32065
32098, 32039
32101, 32105
32105, 32101
32108, 31972
32124, 32023
32157, 32063
32159, 32012
32162, 32274
32167, 32223
32184, 32197
32186, 32230
32188, 32255
32189, 32313
32197, 32184
32223, 32167
32230, 32186
32239, 32359
32255, 32188
32272, 32334
32273, 32344
32274, 32162
32278, 32289
32289, 32278
32290, 32305
32299, 32358
32305, 32290
32313, 32189
32329, 32336
32334, 32272
32336, 32329
32344, 32273
32358, 32299
32359, 32239
32366, 32447
32376, 32438
32392, 32504
32396, 32444
32396, 32496
32403, 32550
32419, 32475
32428, 32528
32438, 32376
32444, 32396
32444, 32496
32447, 32366
32456, 32467
32456, 32530
32467, 32456
32467, 32530
32475, 32419
32496, 32396
32496, 32444
32504, 32392
32512, 32533
32528, 32428
32530, 32456
32530, 32467
32533, 32512
32550, 32403
32583, 32584
32584, 32583
32592, 32636
32596, 32672
32617, 32702
32626, 32659
32633, 32748
32634, 32660
32636, 32592
32659, 32626
32660, 32634
32668, 32677
32670, 32680
32670, 32723
32672, 32596
32677, 32668
32679, 32697
32680, 32670
32687, 32734
32687, 32749
32697, 32679
32702, 32617
32716, 32721
32721, 32716
32723, 32670
32734, 32687
32734, 32749
32748, 32633
32749, 32687
32749, 32734
32766, 32947
32777, 32815
32793, 32865
32794, 32804
32800, 32864
32800, 32952
32804, 32794
32815, 32777
32864, 32800
32864, 32952
32865, 32793
32880, 32898
32886, 32929
32890, 32959
32895, 32932
32898, 32880
32905, 32906
32906, 32905
32929, 32886
32932, 32895
32947, 32766
32952, 32800
32952, 32864
32959, 32890
32991, 33150
32994, 33019
32997, 33096
33008, 33027
33019, 32994
33027, 33008
33035, 33114
33047, 33099
33071, 33137
33096, 32997
33099, 33047
33108, 33118
33114, 33035
33118, 33108
33119, 33131
33131, 33119
33137, 33071
33150, 32991
33166, 33203
33166, 33231
33171, 33236
33171, 33337
33173, 33189
33178, 33327
33186, 33204
33189, 33173
33191, 33284
33199, 33269
33203, 33166
33203, 33231
33204, 33186
33205, 33355
33210, 33240
33210, 33352
33220, 33243
33229, 33231
33231, 33166
33231, 33203
33231, 33229
33232, 33357
33236, 33171
33236, 33337
33240, 33210
33240, 33352
33242, 33245
33243, 33220
33245, 33242
33247, 33262
33254, 33318
33262, 33247
33267, 33323
33269, 33199
33284, 33191
33285, 33290
33285, 33361
33290, 33285
33290, 33361
33300, 33322
33318, 33254
33322, 33300
33323, 33267
33327, 33178
33337, 33171
33337, 33236
33352, 33210
33352, 33240
33355, 33205
33357, 33232
33361, 33285
33361, 33290
33376, 33469
33387, 33492
33396, 33508
33400, 33528
33405, 33413
33413, 33405
33421, 33443
33429, 33554
33443, 33421
33450, 33484
33464, 33471
33469, 33376
33471, 33464
33476, 33507
33484, 33450
33492, 33387
33507, 33476
33508, 33396
33528, 33400
33532, 33536
33536, 33532
33554, 33429
33595, 33649
33604, 33685
33627, 33639
33627, 33730
33639, 33627
33649, 33595
33650, 33702
33671, 33739
33685, 33604
33699, 33729
33702, 33650
33729, 33699
33730, 33627
33739, 33671
33775, 33914
33780, 33860
33784, 33880
33795, 33898
33798, 33940
33801, 33904
33823, 33826
33826, 33823
33834, 33850
33849, 33954
33850, 33834
33850, 33932
33860, 33780
33862, 33889
33874, 33937
33880, 33784
33889, 33862
33890, 33922
33893, 33964
33898, 33795
33904, 33801
33914, 33775
33920, 33936
33922, 33890
33932, 33850
33936, 33920
33937, 33874
33940, 33798
33954, 33849
33964, 33893
33975, 34014
33990, 34093
33991, 34136
34002, 34028
34014, 33975
34028, 34002
34028, 34053
34028, 34107
34029, 34058
34034, 34047
34047, 34034
34052, 34104
34053, 34028
34053, 34107
34056, 34119
34056, 34121
34058, 34029
34069, 34129
34093, 33990
34104, 34052
34107, 34028
34107, 34053
34119, 34056
34119, 34121
34121, 34056
34121, 34119
34129, 34069
34136, 33991
34183, 34272
34190, 34317
34195, 34251
34195, 34304
34197, 34269
34202, 34233
34223, 34249
34233, 34202
34238, 34306
34239, 34329
34249, 34223
34249, 34288
34250, 34275
34251, 34195
34269, 34197
34272, 34183
34275, 34250
34288, 34249
34289, 34321
34304, 34195
34306, 34238
34317, 34190
34321, 34289
34329, 34239
34375, 34404
34376, 34538
34384, 34501
34385, 34412
34385, 34548
34387, 34561
34391, 34541
34396, 34503
34404, 34375
34412, 34385
34412, 34548
34416, 34565
34426, 34491
34438, 34541
34440, 34473
34445, 34477
34473, 34440
34477, 34445
34488, 34506
34491, 34426
34501, 34384
34503, 34396
34506, 34488
34536, 34569
34538, 34376
34541, 34391
34541, 34438
34548, 34385
34548, 34412
34561, 34387
34565, 34416
34569, 34536
34573, 34643
34581, 34620
34582, 34646
34587, 34769
34588, 34644
34588, 34734
34592, 34726
34602, 34603
34603, 34602
34608, 34629
34609, 34624
34610, 34698
34620, 34581
34622, 34633
34624, 34609
34629, 34608
34633, 34622
34639, 34658
34639, 34697
34643, 34573
34644, 34588
34644, 34734
34646, 34582
34658, 34639
34658, 34697
34691, 34766
34697, 34639
34697, 34658
34698, 34610
34715, 34762
34726, 34592
34734, 34588
34734, 34644
34762, 34715
34766, 34691
34769, 34587
34780, 34806
34786, 34925
34794, 34851
34794, 34873
34795, 34900
34800, 34855
34800, 34875
34806, 34780
34811, 34903
34812, 34872
34815, 34876
34816, 34824
34816, 34904
34824, 34816
34825, 34846
34830, 34905
34841, 34923
34844, 34971
34846, 34825
34851, 34794
34851, 34873
34855, 34800
34855, 34875
34858, 34950
34872, 34812
34873, 34794
34873, 34851
34875, 34800
34875, 34855
34876, 34815
34900, 34795
34903, 34811
34904, 34816
34905, 34830
34907, 34915
34908, 34930
34915, 34907
34923, 34841
34925, 34786
34930, 34908
34950, 34858
34971, 34844
34978, 35065
34978, 35112
34988, 35029
34989, 35114
34996, 35008
34999, 35054
35002, 35070
35006, 35145
35008, 34996
35010, 35045
35019, 35122
35025, 35162
35029, 34988
35035, 35042
35041, 35106
35042, 35035
35045, 35010
35046, 35164
35049, 35052
35052, 35049
35054, 34999
35065, 34978
35065, 35112
35070, 35002
35076, 35141
35092, 35118
35106, 35041
35112, 34978
35112, 35065
35114, 34989
35118, 35092
35122, 35019
35141, 35076
35145, 35006
35161, 35172
35162, 35025
35164, 35046
35172, 35161
35179, 35195
35195, 35179
35195, 35299
35203, 35276
35208, 35308
35214, 35372
35226, 35240
35240, 35226
35250, 35320
35274, 35347
35276, 35203
35280, 35341
35299, 35195
35308, 35208
35320, 35250
35341, 35280
35347, 35274
35372, 35214
35377, 35396
35381, 35457
35390, 35576
35396, 35377
35397, 35573
35400, 35495
35419, 35447
35447, 35419
35457, 35381
35473, 35538
35477, 35504
35494, 35521
35495, 35400
35504, 35477
35521, 35494
35538, 35473
35540, 35562
35562, 35540
35573, 35397
35576, 35390
35597, 35628
35614, 35657
35628, 35597
35641, 35647
35647, 35641
35651, 35698
35657, 35614
35660, 35712
35675, 35709
35687, 35717
35698, 35651
35709, 35675
35712, 35660
35717, 35687
35739, 35754
35742, 35771
35748, 35777
35753, 35758
35754, 35739
35758, 35753
35765, 35766
35766, 35765
35771, 35742
35777, 35748
35790, 35943
35791, 35938
35793, 35976
35809, 35870
35812, 35974
35822, 35927
35858, 35863
35863, 35858
35870, 35809
35873, 35949
35884, 35892
35892, 35884
35905, 35948
35911, 35926
35926, 35911
35927, 35822
35938, 35791
35943, 35790
35948, 35905
35949, 35873
35974, 35812
35976, 35793
35983, 36085
35993, 36017
35993, 36143
35999, 36008
36008, 35999
36017, 35993
36025, 36142
36033, 36139
36063, 36107
36066, 36110
36073, 36097
36079, 36167
36085, 35983
36086, 36099
36090, 36125
36097, 36073
36099, 36086
36107, 36063
36110, 36066
36122, 36124
36124, 36122
36125, 36090
36139, 36033
36142, 36025
36143, 35993
36167, 36079
36181, 36197
36189, 36342
36192, 36255
36197, 36181
36201, 36375
36204, 36223
36219, 36342
36223, 36204
36229, 36243
36233, 36265
36234, 36357
36235, 36306
36240, 36377
36243, 36229
36255, 36192
36258, 36331
36265, 36233
36298, 36304
36301, 36369
36304, 36298
36306, 36235
36328, 36368
36331, 36258
36342, 36189
36342, 36219
36357, 36234
36368, 36328
36369, 36301
36375, 36201
36377, 36240
36395, 36454
36396, 36581
36397, 36422
36410, 36545
36417, 36507
36422, 36397
36425, 36519
36444, 36569
36454, 36395
36464, 36516
36467, 36520
36484, 36515
36484, 36527
36507, 36417
36508, 36577
36510, 36558
36515, 36484
36515, 36527
36516, 36464
36519, 36425
36520, 36467
36527, 36484
36527, 36515
36545, 36410
36558, 36510
36569, 36444
36577, 36508
36581, 36396
36583, 36653
36584, 36740
36591, 36612
36596, 36638
36598, 36726
36604, 36752
36607, 36610
36610, 36607
36612, 36591
36637, 36652
36638, 36596
36646, 36778
36648, 36751
36652, 36637
36653, 36583
36656, 36711
36659, 36704
36660, 36723
36679, 36684
36684, 36679
36704, 36659
36710, 36736
36711, 36656
36723, 36660
36725, 36731
36726, 36598
36731, 36725
36736, 36710
36740, 36584
36751, 36648
36752, 36604
36778, 36646
36798, 36973
36799, 36943
36804, 36809
36809, 36804
36811, 36834
36815, 36981
36818, 36918
36819, 36820
36820, 36819
36834, 36811
36854, 36943
36854, 36976
36882, 36889
36882, 36977
36889, 36882
36897, 36929
36918, 36818
36929, 36897
36943, 36799
36943, 36854
36943, 36976
36946, 36982
36973, 36798
36976, 36854
36976, 36943
36977, 36882
36981, 36815
36982, 36946
36989, 37022
37009, 37111
37011, 37014
37014, 37011
37015, 37086
37022, 36989
37041, 37100
37048, 37113
37050, 37123
37052, 37112
37069, 37111
37080, 37132
37086, 37015
37100, 37041
37105, 37170
37111, 37009
37111, 37069
37112, 37052
37113, 37048
37123, 37050
37132, 37080
37170, 37105
37194, 37255
37207, 37290
37208, 37251
37211, 37323
37214, 37301
37220, 37268
37220, 37294
37220, 37320
37220, 37342
37221, 37250
37250, 37221
37251, 37208
37255, 37194
37268, 37220
37268, 37294
37268, 37320
37268, 37342
37277, 37338
37281, 37383
37283, 37343
37290, 37207
37293, 37376
37294, 37220
37294, 37268
37294, 37320
37294, 37342
37301, 37214
37320, 37220
37320, 37268
37320, 37294
37320, 37342
37323, 37211
37338, 37277
37342, 37220
37342, 37268
37342, 37294
37342, 37320
37343, 37283
37360, 37370
37370, 37360
37376, 37293
37383, 37281
37388, 37455
37392, 37479
37404, 37466
37415, 37554
37419, 37483
37421, 37521
37427, 37508
37441, 37442
37442, 37441
37449, 37532
37455, 37388
37461, 37538
37463, 37482
37464, 37549
37466, 37404
37479, 37392
37482, 37463
37483, 37419
37508, 37427
37521, 37421
37526, 37535
37532, 37449
37535, 37526
37538, 37461
37549, 37464
37554, 37415
37555, 37580
37580, 37555
37592, 37752
37611, 37658
37624, 37787
37647, 37750
37649, 37784
37652, 37759
37658, 37611
37660, 37689
37664, 37783
37669, 37684
37681, 37689
37681, 37757
37684, 37669
37689, 37660
37689, 37681
37750, 37647
37752, 37592
37756, 37782
37757, 37681
37759, 37652
37782, 37756
37783, 37664
37784, 37649
37787, 37624
37789, 37855
37802, 37967
37809, 37986
37810, 37928
37835, 37862
37843, 37894
37852, 37985
37855, 37789
37861, 37910
37862, 37835
37871, 37923
37887, 37906
37894, 37843
37906, 37887
37910, 37861
37912, 37979
37915, 37961
37921, 37949
37923, 37871
37928, 37810
37946, 37988
37949, 37921
37961, 37915
37967, 37802
37972, 37983
37976, 37984
37979, 37912
37983, 37972
37984, 37976
37985, 37852
37986, 37809
37988, 37946
37990, 38080
37991, 38028
37997, 38069
37997, 38134
38001, 38019
38004, 38067
38008, 38107
38013, 38150
38019, 38001
38020, 38179
38028, 37991
38030, 38061
38033, 38119
38052, 38091
38061, 38030
38064, 38140
38067, 38004
38069, 37997
38072, 38124
38080, 37990
38087, 38186
38088, 38108
38090, 38158
38091, 38052
38094, 38151
38107, 38008
38108, 38088
38114, 38175
38114, 38176
38119, 38033
38124, 38072
38128, 38135
38134, 37997
38135, 38128
38140, 38064
38150, 38013
38151, 38094
38154, 38155
38155, 38154
38158, 38090
38175, 38114
38175, 38176
38176, 38114
38176, 38175
38179, 38020
38186, 38087
38198, 38227
38198, 38274
38214, 38358
38227, 38198
38227, 38274
38228, 38308
38230, 38311
38235, 38334
38245, 38255
38247, 38263
38255, 38245
38263, 38247
38269, 38363
38274, 38198
38274, 38227
38308, 38228
38311, 38230
38330, 38388
38334, 38235
38358, 38214
38363, 38269
38388, 38330
38406, 38424
38407, 38421
38409, 38504
38410, 38491
38421, 38407
38424, 38406
38452, 38511
38471, 38487
38484, 38489
38484, 38553
38485, 38494
38487, 38471
38489, 38484
38489, 38553
38491, 38410
38492, 38591
38494, 38485
38504, 38409
38505, 38520
38511, 38452
38520, 38505
38553, 38484
38553, 38489
38591, 38492
38596, 38641
38599, 38738
38604, 38732
38623, 38710
38631, 38750
38640, 38702
38641, 38596
38647, 38657
38657, 38647
38665, 38743
38679, 38731
38702, 38640
38710, 38623
38731, 38679
38732, 38604
38738, 38599
38741, 38758
38743, 38665
38750, 38631
38752, 38780
38758, 38741
38780, 38752
38794, 38816
38795, 38821
38806, 38912
38813, 38853
38816, 38794
38817, 38836
38818, 38838
38821, 38795
38822, 38894
38822, 38963
38827, 38854
38836, 38817
38838, 38818
38842, 38899
38845, 38943
38851, 38987
38853, 38813
38854, 38827
38867, 38989
38874, 38982
38876, 38928
38894, 38822
38899, 38842
38912, 38806
38918, 38924
38924, 38918
38928, 38876
38943, 38845
38963, 38822
38967, 38985
38982, 38874
38985, 38967
38987, 38851
38989, 38867
39002, 39095
39019, 39107
39021, 39075
39033, 39081
39039, 39044
39044, 39039
39056, 39116
39075, 39021
39081, 39033
39081, 39092
39084, 39124
39089, 39160
39091, 39182
39092, 39081
39095, 39002
39097, 39165
39099, 39115
39107, 39019
39115, 39099
39116, 39056
39124, 39084
39125, 39180
39128, 39139
39136, 39158
39136, 39191
39139, 39128
39157, 39159
39158, 39136
39158, 39191
39159, 39157
39160, 39089
39165, 39097
39180, 39125
39182, 39091
39191, 39136
39191, 39158
39201, 39363
39208, 39229
39222, 39298
39229, 39208
39230, 39330
39246, 39393
39250, 39367
39258, 39301
39266, 39345
39282, 39336
39298, 39222
39301, 39258
39330, 39230
39335, 39341
39335, 39348
39336, 39282
39341, 39335
39341, 39348
39345, 39266
39348, 39335
39348, 39341
39363, 39201
39367, 39250
39393, 39246
39401, 39568
39402, 39540
39415, 39492
39418, 39523
39418, 39525
39437, 39534
39440, 39550
39444, 39474
39451, 39463
39454, 39590
39456, 39467
39463, 39451
39464, 39545
39467, 39456
39474, 39444
39476, 39490
39488, 39542
39490, 39476
39492, 39415
39493, 39586
39494, 39573
39523, 39418
39525, 39418
39534, 39437
39540, 39402
39542, 39488
39545, 39464
39548, 39566
39550, 39440
39566, 39548
39568, 39401
39573, 39494
39586, 39493
39590, 39454
39614, 39715
39617, 39796
39633, 39786
39634, 39762
39635, 39662
39636, 39670
39648, 39755
39650, 39699
39662, 39635
39663, 39682
39670, 39636
39677, 39697
39681, 39759
39682, 39663
39687, 39708
39694, 39702
39697, 39677
39699, 39650
39702, 39694
39707, 39727
39708, 39687
39709, 39746
39715, 39614
39727, 39707
39732, 39754
39745, 39785
39745, 39793
39746, 39709
39754, 39732
39755, 39648
39759, 39681
39762, 39634
39785, 39745
39785, 39793
39786, 39633
39793, 39745
39793, 39785
39796, 39617
39812, 39871
39839, 39938
39843, 39926
39862, 39959
39867, 39876
39871, 39812
39876, 39867
39879, 39904
39881, 39933
39894, 39946
39895, 39898
39898, 39895
39904, 39879
39909, 39993
39926, 39843
39933, 39881
39938, 39839
39946, 39894
39958, 39987
39959, 39862
39973, 39978
39978, 39973
39987, 39958
39993, 39909
40000, 40138
40015, 40018
40018, 40015
40042, 40142
40046, 40109
40080, 40111
40109, 40046
40111, 40080
40138, 40000
40142, 40042
40186, 40188
40188, 40186
40196, 40197
40197, 40196
40209, 40280
40214, 40399
40243, 40365
40245, 40253
40245, 40301
40247, 40276
40250, 40293
40250, 40352
40251, 40273
40253, 40245
40253, 40301
40255, 40388
40258, 40292
40268, 40300
40270, 40344
40273, 40251
40276, 40247
40277, 40370
40280, 40209
40282, 40313
40282, 40338
40292, 40258
40293, 40250
40293, 40352
40294, 40359
40300, 40268
40301, 40245
40301, 40253
40313, 40282
40318, 40330
40330, 40318
40334, 40367
40338, 40282
40344, 40270
40351, 40363
40352, 40250
40352, 40293
40355, 40387
40359, 40294
40363, 40351
40365, 40243
40367, 40334
40370, 40277
40387, 40355
40388, 40255
40399, 40214
40405, 40556
40424, 40438
40426, 40595
40428, 40589
40428, 40592
40429, 40481
40438, 40424
40446, 40601
40473, 40528
40481, 40429
40487, 40535
40520, 40560
40528, 40473
40535, 40487
40536, 40558
40556, 40405
40558, 40536
40560, 40520
40563, 40591
40572, 40587
40587, 40572
40589, 40428
40589, 40592
40591, 40563
40592, 40428
40592, 40589
40595, 40426
40601, 40446
40616, 40629
40617, 40666
40618, 40723
40619, 40660
40623, 40710
40624, 40687
40629, 40616
40643, 40721
40649, 40741
40657, 40676
40660, 40619
40666, 40617
40676, 40657
40685, 40737
40685, 40759
40687, 40624
40695, 40729
40710, 40623
40721, 40643
40723, 40618
40729, 40695
40730, 40763
40737, 40685
40737, 40759
40741, 40649
40759, 40685
40759, 40737
40763, 40730
40768, 40793
40793, 40768
40806, 40981
40809, 40957
40822, 40865
40827, 40830
40830, 40827
40840, 40946
40851, 40871
40865, 40822
40871, 40851
40879, 40938
40894, 40931
40924, 40955
40931, 40894
40938, 40879
40943, 40963
40946, 40840
40955, 40924
40957, 40809
40963, 40943
40981, 40806
41014, 41195
41018, 41138
41019, 41190
41025, 41036
41036, 41025
41053, 41103
41055, 41081
41055, 41098
41065, 41143
41073, 41153
41081, 41055
41081, 41098
41090, 41128
41097, 41133
41098, 41055
41098, 41081
41099, 41164
41100, 41174
41103, 41053
41106, 41156
41106, 41163
41128, 41090
41133, 41097
41137, 41202
41138, 41018
41139, 41161
41142, 41192
41143, 41065
41151, 41199
41153, 41073
41156, 41106
41156, 41163
41161, 41139
41163, 41106
41163, 41156
41164, 41099
41174, 41100
41190, 41019
41192, 41142
41195, 41014
41199, 41151
41202, 41137
41223, 41318
41223, 41394
41226, 41300
41226, 41367
41235, 41244
41236, 41395
41236, 41399
41241, 41375
41244, 41235
41246, 41344
41250, 41378
41266, 41278
41271, 41287
41272, 41286
41278, 41266
41286, 41272
41287, 41271
41299, 41366
41300, 41226
41300, 41367
41302, 41338
41309, 41373
41318, 41223
41330, 41337
41337, 41330
41338, 41302
41344, 41246
41348, 41364
41354, 41377
41364, 41348
41366, 41299
41367, 41226
41367, 41300
41373, 41309
41375, 41241
41377, 41354
41378, 41250
41383, 41389
41389, 41383
41394, 41223
41395, 41236
41399, 41236
41428, 41512
41434, 41517
41437, 41477
41450, 41507
41474, 41476
41476, 41474
41477, 41437
41489, 41541
41495, 41500
41500, 41495
41507, 41450
41512, 41428
41517, 41434
41541, 41489
41545, 41567
41567, 41545
41611, 41767
41627, 41653
41637, 41755
41652, 41784
41653, 41627
41670, 41703
41679, 41684
41684, 41679
41697, 41778
41703, 41670
41708, 41749
41712, 41759
41749, 41708
41755, 41637
41759, 41712
41767, 41611
41778, 41697
41784, 41652
41814, 41853
41828, 41947
41833, 41974
41835, 41999
41839, 41980
41842, 41996
41853, 41814
41870, 41871
41871, 41870
41912, 41920
41919, 41960
41920, 41912
41947, 41828
41948, 41954
41954, 41948
41960, 41919
41974, 41833
41980, 41839
41996, 41842
41999, 41835
42010, 42110
42011, 42160
42024, 42132
42044, 42144
42045, 42107
42060, 42207
42090, 42174
42107, 42045
42110, 42010
42110, 42209
42132, 42024
42133, 42179
42137, 42168
42144, 42044
42160, 42011
42168, 42137
42174, 42090
42179, 42133
42207, 42060
42209, 42110
42226, 42309
42230, 42331
42234, 42346
42235, 42322
42245, 42345
42249, 42285
42263, 42290
42272, 42285
42272, 42374
42281, 42287
42283, 42409
42285, 42249
42285, 42272
42285, 42374
42287, 42281
42290, 42263
42309, 42226
42312, 42379
42322, 42235
42331, 42230
42340, 42410
42342, 42344
42344, 42342
42345, 42245
42346, 42234
42374, 42272
42374, 42285
42379, 42312
42409, 42283
42410, 42340
42413, 42420
42420, 42413
42432, 42560
42439, 42600
42442, 42491
42446, 42528
42446, 42546
42454, 42571
42475, 42572
42477, 42493
42491, 42442
42493, 42477
42509, 42542
42524, 42557
42528, 42446
42528, 42546
42542, 42509
42546, 42446
42546, 42528
42552, 42608
42557, 42524
42560, 42432
42571, 42454
42572, 42475
42573, 42611
42600, 42439
42608, 42552
42611, 42573
42618, 42756
42624, 42720
42628, 42770
42629, 42675
42638, 42678
42659, 42676
42664, 42697
42668, 42674
42673, 42773
42674, 42668
42675, 42629
42676, 42659
42678, 42638
42690, 42730
42697, 42664
42720, 42624
42726, 42744
42730, 42690
42744, 42726
42756, 42618
42770, 42628
42773, 42673
42796, 42797
42797, 42796
42819, 42900
42822, 42959
42825, 42907
42837, 42856
42840, 42862
42846, 42943
42856, 42837
42862, 42840
42862, 43004
42869, 42906
42876, 42947
42886, 42903
42888, 42914
42900, 42819
42903, 42886
42906, 42869
42907, 42825
42914, 42888
42935, 42975
42941, 42981
42943, 42846
42947, 42876
42948, 42970
42958, 42990
42959, 42822
42970, 42948
42975, 42935
42981, 42941
42990, 42958
43004, 42862
43026, 43099
43029, 43115
43049, 43097
43049, 43149
43049, 43171
43057, 43117
43058, 43140
43077, 43132
43094, 43103
43097, 43049
43097, 43149
43097, 43171
43099, 43026
43103, 43094
43115, 43029
43117, 43057
43132, 43077
43140, 43058
43149, 43049
43149, 43097
43149, 43171
43171, 43049
43171, 43097
43171, 43149
43178, 43213
43213, 43178
43225, 43274
43230, 43312
43240, 43297
43247, 43259
43252, 43280
43259, 43247
43260, 43306
43260, 43349
43269, 43278
43269, 43354
43274, 43225
43278, 43269
43278, 43354
43280, 43252
43290, 43317
43297, 43240
43304, 43344
43306, 43260
43306, 43349
43309, 43323
43312, 43230
43317, 43290
43323, 43309
43334, 43351
43344, 43304
43349, 43260
43349, 43306
43351, 43334
43354, 43269
43354, 43278
43420, 43606
43432, 43546
43441, 43562
43443, 43519
43446, 43491
43453, 43513
43455, 43557
43456, 43550
43483, 43528
43491, 43446
43499, 43551
43513, 43453
43519, 43443
43528, 43483
43546, 43432
43550, 43456
43551, 43499
43554, 43579
43557, 43455
43562, 43441
43579, 43554
43581, 43616
43606, 43420
43616, 43581
43619, 43770
43623, 43682
43632, 43692
43634, 43778
43635, 43716
43642, 43697
43661, 43679
43672, 43751
43679, 43661
43680, 43806
43682, 43623
43692, 43632
43697, 43642
43708, 43753
43716, 43635
43720, 43787
43751, 43672
43753, 43708
43756, 43758
43758, 43756
43761, 43768
43768, 43761
43770, 43619
43778, 43634
43780, 43782
43782, 43780
43787, 43720
43806, 43680
43823, 43856
43827, 43951
43843, 43949
43850, 43910
43853, 43935
43853, 43953
43853, 43975
43855, 43983
43856, 43823
43859, 43888
43867, 43958
43871, 43967
43880, 43918
43888, 43859
43893, 43949
43895, 44017
43898, 43903
43903, 43898
43905, 43934
43910, 43850
43918, 43880
43926, 43929
43929, 43926
43934, 43905
43935, 43853
43935, 43953
43935, 43975
43937, 43984
43949, 43843
43949, 43893
43951, 43827
43953, 43853
43953, 43935
43953, 43975
43958, 43867
43960, 44012
43967, 43871
43975, 43853
43975, 43935
43975, 43953
43983, 43855
43984, 43937
44009, 44015
44009, 44016
44012, 43960
44012, 44015
44012, 44016
44015, 44009
44015, 44012
44015, 44016
44016, 44009
44016, 44012
44016, 44015
44017, 43895
44023, 44090
44024, 44207
44039, 44070
44043, 44096
44043, 44164
44061, 44117
44064, 44091
44070, 44039
44075, 44099
44075, 44129
44090, 44023
44091, 44064
44096, 44043
44096, 44164
44099, 44075
44099, 44129
44112, 44171
44114, 44159
44117, 44061
44123, 44149
44129, 44075
44129, 44099
44149, 44123
44151, 44177
44159, 44114
44164, 44043
44164, 44096
44171, 44112
44177, 44151
44207, 44024
44224, 44382
44227, 44245
44228, 44390
44240, 44372
44241, 44342
44245, 44227
44247, 44321
44248, 44334
44253, 44407
44258, 44294
44264, 44380
44274, 44294
44286, 44358
44294, 44258
44294, 44274
44300, 44409
44321, 44247
44334, 44248
44342, 44241
44358, 44286
44363, 44374
44372, 44240
44374, 44363
44380, 44264
44382, 44224
44390, 44228
44407, 44253
44409, 44300
44427, 44503
44427, 44564
44439, 44510
44476, 44585
44486, 44535
44491, 44495
44495, 44491
44502, 44555
44503, 44427
44503, 44564
44510, 44439
44513, 44580
44518, 44522
44522, 44518
44526, 44612
44530, 44538
44530, 44556
44535, 44486
44538, 44530
44538, 44556
44542, 44590
44554, 44592
44555, 44502
44556, 44530
44556, 44538
44560, 44582
44564, 44427
44564, 44503
44564, 44609
44570, 44579
44579, 44570
44580, 44513
44582, 44560
44585, 44476
44590, 44542
44592, 44554
44609, 44564
44612, 44526
44637, 44655
44638, 44671
44640, 44647
44647, 44640
44649, 44667
44653, 44764
44655, 44637
44658, 44669
44659, 44787
44667, 44649
44669, 44658
44671, 44638
44678, 44693
44679, 44715
44688, 44714
44693, 44678
44699, 44738
44707, 44792
44714, 44688
44715, 44679
44731, 44757
44738, 44699
44757, 44731
44764, 44653
44785, 44794
44787, 44659
44792, 44707
44794, 44785
44799, 44815
44815, 44799
44828, 44917
44837, 44923
44837, 44968
44843, 44878
44843, 44935
44843, 45020
44849, 44947
44858, 44958
44861, 44936
44861, 44963
44874, 44956
44878, 44843
44878, 44935
44878, 45020
44888, 44909
44908, 44952
44909, 44888
44916, 44969
44917, 44828
44923, 44837
44923, 44968
44928, 44978
44935, 44843
44935, 44878
44935, 45020
44936, 44861
44947, 44849
44952, 44908
44956, 44874
44958, 44858
44963, 44861
44968, 44837
44968, 44923
44969, 44916
44978, 44928
45020, 44843
45020, 44878
45020, 44935
45041, 45224
45051, 45184
45060, 45120
45061, 45079
45061, 45148
45068, 45176
45079, 45061
45079, 45148
45091, 45150
45107, 45159
45115, 45186
45120, 45060
45123, 45189
45124, 45153
45127, 45196
45148, 45061
45148, 45079
45150, 45091
45153, 45124
45159, 45107
45161, 45197
45176, 45068
45184, 45051
45186, 45115
45189, 45123
45196, 45127
45197, 45161
45200, 45208
45208, 45200
45224, 45041
45236, 45372
45246, 45363
45249, 45387
45250, 45270
45251, 45266
45259, 45285
45266, 45251
45270, 45250
45274, 45383
45285, 45259
45290, 45421
45298, 45353
45300, 45347
45301, 45360
45302, 45323
45320, 45411
45323, 45302
45347, 45300
45352, 45402
45353, 45298
45360, 45301
45363, 45246
45372, 45236
45383, 45274
45387, 45249
45395, 45419
45402, 45352
45411, 45320
45419, 45395
45421, 45290
