8, 60
9, 63
29, 93
32, 51
32, 66
43, 73
51, 32
51, 66
60, 8
63, 9
66, 32
66, 51
73, 43
93, 29
109, 160
112, 151
115, 121
117, 158
117, 174
121, 115
122, 162
126, 149
126, 152
127, 149
127, 152
130, 194
133, 167
149, 126
149, 127
149, 152
150, 165
151, 112
152, 126
152, 127
152, 149
158, 117
158, 175
160, 109
162, 122
165, 150
167, 133
174, 117
175, 158
194, 130
312, 345
312, 347
324, 362
325, 380
325, 395
326, 334
328, 376
329, 403
331, 332
331, 377
332, 331
334, 326
335, 369
338, 342
342, 338
345, 312
345, 347
347, 312
347, 345
351, 378
358, 386
362, 324
367, 382
369, 335
376, 328
377, 331
378, 351
380, 325
380, 395
382, 367
386, 358
395, 325
395, 380
403, 329
409, 474
412, 465
418, 467
436, 470
453, 505
465, 412
467, 418
470, 436
474, 409
478, 487
487, 478
505, 453
515, 550
516, 566
517, 546
526, 584
533, 540
537, 556
537, 571
538, 597
540, 533
542, 579
546, 517
550, 515
556, 537
556, 571
563, 568
563, 575
565, 570
566, 516
568, 563
568, 575
570, 565
571, 537
571, 556
575, 563
575, 568
579, 542
584, 526
597, 538
607, 658
609, 679
621, 670
621, 698
624, 656
626, 676
633, 689
634, 680
638, 672
656, 624
658, 607
665, 667
667, 665
670, 621
670, 698
672, 638
676, 626
679, 609
680, 634
689, 633
698, 621
698, 670
714, 767
716, 732
716, 783
720, 761
724, 755
727, 744
728, 738
732, 716
732, 783
738, 728
744, 727
747, 763
755, 724
761, 720
763, 747
767, 714
772, 774
774, 772
782, 807
783, 716
783, 732
807, 782
811, 872
815, 906
822, 901
823, 826
824, 887
826, 823
829, 842
831, 850
833, 865
840, 874
842, 829
843, 849
849, 843
850, 831
865, 833
872, 811
874, 840
887, 824
901, 822
906, 815
919, 963
925, 934
929, 982
933, 993
934, 925
935, 988
941, 975
942, 956
956, 942
963, 919
973, 981
975, 941
981, 973
982, 929
987, 1008
988, 935
993, 933
1008, 987
1021, 1085
1042, 1076
1057, 1086
1059, 1104
1076, 1042
1085, 1021
1086, 1057
1104, 1059
1112, 1164
1118, 1134
1122, 1205
1128, 1174
1134, 1118
1140, 1175
1143, 1177
1147, 1186
1148, 1181
1164, 1112
1174, 1128
1175, 1140
1177, 1143
1181, 1148
1186, 1147
1205, 1122
1213, 1290
1215, 1246
1220, 1262
1244, 1278
1246, 1215
1253, 1265
1255, 1271
1262, 1220
1265, 1253
1271, 1255
1278, 1244
1287, 1312
1290, 1213
1312, 1287
1316, 1414
1318, 1327
1318, 1406
1327, 1318
1328, 1408
1331, 1411
1337, 1396
1338, 1410
1339, 1348
1341, 1374
1345, 1379
1348, 1339
1354, 1392
1356, 1359
1359, 1356
1360, 1369
1362, 1410
1369, 1360
1373, 1378
1374, 1341
1375, 1380
1376, 1383
1378, 1373
1379, 1345
1380, 1375
1383, 1376
1392, 1354
1396, 1337
1406, 1318
1408, 1328
1410, 1338
1410, 1362
1411, 1331
1414, 1316
1418, 1473
1419, 1486
1422, 1461
1433, 1482
1436, 1456
1438, 1444
1444, 1438
1445, 1471
1446, 1480
1456, 1436
1461, 1422
1462, 1472
1471, 1445
1472, 1462
1473, 1418
1480, 1446
1482, 1433
1486, 1419
1545, 1548
1548, 1545
1559, 1576
1567, 1570
1570, 1567
1576, 1559
1624, 1689
1629, 1665
1633, 1690
1641, 1642
1642, 1641
1648, 1682
1665, 1629
1678, 1683
1682, 1648
1683, 1678
1689, 1624
1690, 1633
1726, 1791
1729, 1760
1730, 1792
1760, 1729
1775, 1787
1787, 1775
1791, 1726
1792, 1730
1823, 1828
1823, 1832
1828, 1823
1828, 1832
1831, 1890
1832, 1823
1832, 1828
1839, 1897
1846, 1864
1846, 1916
1849, 1853
1850, 1884
1853, 1849
1854, 1887
1864, 1846
1864, 1916
1872, 1874
1874, 1872
1878, 1893
1884, 1850
1885, 1891
1887, 1854
1890, 1831
1891, 1885
1893, 1878
1897, 1839
1916, 1846
1916, 1864
1949, 1956
1949, 2012
1951, 1985
1956, 1949
1956, 2012
1966, 1996
1970, 1992
1982, 2013
1985, 1951
1992, 1970
1996, 1966
1997, 2016
2012, 1949
2012, 1956
2013, 1982
2016, 1997
2022, 2109
2039, 2097
2052, 2071
2052, 2086
2071, 2052
2071, 2086
2086, 2052
2086, 2071
2097, 2039
2109, 2022
2126, 2165
2126, 2200
2136, 2142
2142, 2136
2153, 2187
2165, 2126
2174, 2179
2176, 2196
2179, 2174
2181, 2213
2184, 2191
2187, 2153
2191, 2184
2196, 2176
2197, 2220
2200, 2126
2213, 2181
2220, 2197
2223, 2274
2227, 2282
2231, 2244
2232, 2316
2236, 2267
2242, 2322
2244, 2231
2247, 2280
2250, 2292
2254, 2288
2255, 2315
2256, 2314
2267, 2236
2274, 2223
2275, 2281
2280, 2247
2281, 2275
2282, 2227
2288, 2254
2292, 2250
2314, 2256
2315, 2255
2316, 2232
2322, 2242
2339, 2418
2395, 2402
2402, 2395
2418, 2339
2440, 2475
2444, 2498
2456, 2490
2475, 2440
2481, 2487
2487, 2481
2490, 2456
2498, 2444
2528, 2562
2543, 2567
2555, 2618
2557, 2576
2557, 2582
2557, 2591
2559, 2577
2562, 2528
2567, 2543
2574, 2597
2576, 2557
2576, 2582
2576, 2591
2577, 2559
2581, 2589
2582, 2557
2582, 2576
2582, 2591
2589, 2581
2591, 2557
2591, 2576
2591, 2582
2597, 2574
2598, 2626
2618, 2555
2626, 2598
2633, 2637
2633, 2648
2637, 2633
2637, 2648
2647, 2690
2648, 2633
2648, 2637
2658, 2692
2659, 2676
2676, 2659
2684, 2689
2689, 2684
2690, 2647
2692, 2658
2748, 2760
2756, 2804
2759, 2778
2759, 2793
2760, 2748
2773, 2827
2774, 2786
2778, 2759
2778, 2793
2786, 2774
2786, 2806
2793, 2759
2793, 2778
2804, 2756
2806, 2786
2827, 2773
2829, 2900
2838, 2923
2857, 2898
2860, 2879
2860, 2894
2879, 2860
2879, 2894
2894, 2860
2894, 2879
2898, 2857
2900, 2829
2907, 2925
2923, 2838
2925, 2907
2940, 2962
2943, 2974
2959, 3022
2961, 2995
2962, 2940
2974, 2943
2995, 2961
3022, 2959
3031, 3072
3033, 3061
3039, 3074
3046, 3125
3055, 3062
3055, 3096
3056, 3081
3061, 3033
3062, 3055
3062, 3096
3072, 3031
3074, 3039
3078, 3103
3081, 3056
3096, 3055
3096, 3062
3103, 3078
3125, 3046
3142, 3162
3145, 3210
3152, 3159
3159, 3152
3160, 3194
3162, 3142
3163, 3182
3163, 3197
3164, 3195
3182, 3163
3182, 3197
3191, 3209
3194, 3160
3195, 3164
3197, 3163
3197, 3182
3209, 3191
3210, 3145
3240, 3293
3257, 3258
3257, 3260
3257, 3289
3258, 3257
3258, 3260
3258, 3289
3260, 3257
3260, 3258
3264, 3298
3288, 3329
3289, 3257
3289, 3258
3289, 3305
3290, 3302
3291, 3332
3293, 3240
3298, 3264
3302, 3290
3305, 3289
3324, 3327
3327, 3324
3329, 3288
3332, 3291
3345, 3411
3365, 3399
3381, 3428
3399, 3365
3411, 3345
3428, 3381
3451, 3491
3466, 3500
3467, 3527
3491, 3451
3500, 3466
3527, 3467
3545, 3561
3547, 3631
3550, 3605
3556, 3581
3558, 3567
3560, 3586
3561, 3545
3567, 3558
3581, 3556
3586, 3560
3591, 3600
3600, 3591
3605, 3550
3631, 3547
3640, 3689
3641, 3674
3643, 3666
3645, 3701
3664, 3669
3666, 3643
3668, 3687
3668, 3702
3669, 3664
3673, 3694
3674, 3641
3687, 3668
3687, 3702
3689, 3640
3694, 3673
3701, 3645
3701, 3710
3702, 3668
3702, 3687
3709, 3737
3710, 3701
3737, 3709
3742, 3749
3745, 3811
3745, 3832
3749, 3742
3751, 3758
3753, 3801
3758, 3751
3762, 3810
3765, 3794
3769, 3803
3781, 3807
3783, 3809
3786, 3800
3794, 3765
3800, 3786
3801, 3753
3803, 3769
3807, 3781
3809, 3783
3810, 3762
3811, 3745
3812, 3813
3813, 3812
3832, 3745
3845, 3905
3852, 3897
3853, 3939
3854, 3902
3867, 3896
3869, 3933
3870, 3904
3895, 3911
3896, 3867
3897, 3852
3902, 3854
3904, 3870
3905, 3845
3911, 3895
3933, 3869
3939, 3853
3942, 3987
3971, 4005
3987, 3942
3990, 3996
3996, 3990
4005, 3971
4010, 4031
4012, 4039
4031, 4010
4039, 4012
4050, 4093
4056, 4086
4060, 4135
4065, 4066
4066, 4065
4072, 4106
4078, 4090
4086, 4056
4086, 4107
4090, 4078
4093, 4050
4097, 4100
4100, 4097
4106, 4072
4107, 4086
4135, 4060
4142, 4146
4142, 4216
4146, 4142
4146, 4216
4155, 4190
4171, 4202
4178, 4185
4185, 4178
4190, 4155
4193, 4195
4195, 4193
4202, 4171
4216, 4142
4216, 4146
4265, 4289
4269, 4309
4270, 4316
4274, 4308
4289, 4265
4308, 4274
4309, 4269
4316, 4270
4344, 4435
4354, 4420
4366, 4367
4367, 4366
4369, 4419
4372, 4406
4375, 4394
4391, 4394
4393, 4444
4394, 4375
4394, 4391
4406, 4372
4416, 4438
4419, 4369
4420, 4354
4435, 4344
4438, 4416
4444, 4393
4449, 4493
4487, 4517
4493, 4449
4517, 4487
4546, 4598
4556, 4591
4556, 4624
4559, 4608
4568, 4606
4568, 4645
4577, 4611
4591, 4556
4591, 4624
4594, 4612
4598, 4546
4604, 4614
4606, 4568
4606, 4645
4608, 4559
4611, 4577
4612, 4594
4614, 4604
4624, 4556
4624, 4591
4645, 4568
4645, 4606
4649, 4677
4651, 4718
4652, 4731
4653, 4745
4657, 4695
4663, 4744
4669, 4683
4677, 4649
4678, 4712
4683, 4669
4683, 4703
4691, 4720
4692, 4723
4695, 4657
4703, 4683
4705, 4715
4712, 4678
4715, 4705
4718, 4651
4720, 4691
4723, 4692
4731, 4652
4744, 4663
4745, 4653
4755, 4824
4756, 4806
4758, 4799
4762, 4844
4779, 4813
4799, 4758
4806, 4756
4813, 4779
4824, 4755
4844, 4762
4857, 4912
4859, 4909
4860, 4946
4861, 4902
4862, 4893
4864, 4865
4864, 4922
4865, 4864
4865, 4922
4880, 4914
4893, 4862
4900, 4916
4902, 4861
4908, 4916
4909, 4859
4912, 4857
4912, 4927
4914, 4880
4916, 4900
4916, 4908
4922, 4864
4922, 4865
4927, 4912
4946, 4860
4981, 5015
4994, 5013
5011, 5050
5013, 4994
5015, 4981
5050, 5011
5082, 5116
5116, 5082
5160, 5215
5163, 5198
5171, 5209
5177, 5214
5183, 5217
5188, 5200
5198, 5163
5199, 5243
5200, 5188
5208, 5225
5209, 5171
5214, 5177
5215, 5160
5217, 5183
5225, 5208
5243, 5199
5253, 5344
5261, 5279
5261, 5309
5264, 5346
5279, 5261
5279, 5309
5280, 5304
5284, 5318
5304, 5280
5309, 5261
5309, 5279
5315, 5325
5318, 5284
5325, 5315
5344, 5253
5346, 5264
5356, 5421
5358, 5387
5375, 5413
5385, 5419
5386, 5400
5387, 5358
5387, 5413
5389, 5451
5400, 5386
5413, 5375
5413, 5387
5415, 5454
5419, 5385
5421, 5356
5437, 5449
5449, 5437
5451, 5389
5454, 5415
5459, 5463
5459, 5533
5463, 5459
5463, 5533
5466, 5507
5474, 5508
5479, 5480
5480, 5479
5480, 5505
5482, 5500
5486, 5520
5487, 5530
5495, 5509
5500, 5482
5504, 5548
5505, 5480
5507, 5466
5508, 5474
5509, 5495
5520, 5486
5530, 5487
5533, 5459
5533, 5463
5548, 5504
5556, 5605
5558, 5602
5558, 5647
5567, 5653
5568, 5576
5568, 5616
5569, 5619
5576, 5568
5576, 5616
5583, 5648
5585, 5586
5585, 5613
5586, 5585
5586, 5613
5587, 5606
5587, 5621
5596, 5611
5602, 5558
5602, 5647
5605, 5556
5606, 5587
5606, 5621
5611, 5596
5613, 5585
5613, 5586
5616, 5568
5616, 5576
5619, 5569
5621, 5587
5621, 5606
5647, 5558
5647, 5602
5648, 5583
5653, 5567
5667, 5720
5673, 5677
5677, 5673
5681, 5719
5688, 5722
5694, 5750
5697, 5735
5703, 5731
5711, 5727
5713, 5723
5719, 5681
5720, 5667
5722, 5688
5723, 5713
5727, 5711
5731, 5703
5735, 5697
5750, 5694
5769, 5831
5771, 5791
5773, 5792
5786, 5803
5789, 5823
5791, 5771
5792, 5773
5794, 5805
5796, 5809
5802, 5832
5803, 5786
5805, 5794
5809, 5796
5816, 5821
5817, 5836
5821, 5816
5822, 5858
5823, 5789
5831, 5769
5832, 5802
5834, 5856
5836, 5817
5856, 5834
5858, 5822
5861, 5893
5866, 5913
5874, 5907
5877, 5955
5888, 5891
5889, 5926
5890, 5924
5891, 5888
5893, 5861
5902, 5906
5903, 5935
5906, 5902
5907, 5874
5913, 5866
5915, 5956
5918, 5953
5924, 5890
5926, 5889
5935, 5903
5953, 5918
5955, 5877
5956, 5915
5970, 5972
5970, 6012
5972, 5970
5982, 6018
5991, 6025
5992, 6051
6012, 5970
6018, 5982
6025, 5991
6042, 6053
6051, 5992
6053, 6042
6063, 6065
6065, 6063
6069, 6087
6075, 6094
6079, 6091
6087, 6069
6091, 6079
6092, 6126
6094, 6075
6119, 6124
6124, 6119
6126, 6092
6177, 6207
6188, 6197
6193, 6227
6197, 6188
6207, 6177
6210, 6226
6223, 6254
6226, 6210
6227, 6193
6254, 6223
6275, 6334
6283, 6307
6285, 6290
6290, 6285
6294, 6328
6297, 6312
6300, 6316
6307, 6283
6312, 6297
6316, 6300
6328, 6294
6334, 6275
6432, 6439
6439, 6432
6476, 6541
6481, 6486
6486, 6481
6489, 6501
6496, 6530
6499, 6561
6501, 6489
6517, 6532
6519, 6565
6522, 6527
6527, 6522
6530, 6496
6532, 6517
6541, 6476
6561, 6499
6565, 6519
6568, 6602
6570, 6582
6577, 6621
6582, 6570
6582, 6639
6592, 6638
6596, 6625
6597, 6631
6602, 6568
6621, 6577
6625, 6596
6627, 6632
6631, 6597
6632, 6627
6637, 6640
6638, 6592
6639, 6582
6640, 6637
6675, 6710
6675, 6739
6678, 6689
6679, 6716
6688, 6742
6689, 6678
6692, 6723
6698, 6732
6704, 6765
6707, 6749
6707, 6764
6710, 6675
6710, 6739
6716, 6679
6723, 6692
6725, 6759
6732, 6698
6739, 6675
6739, 6710
6742, 6688
6749, 6707
6749, 6764
6759, 6725
6764, 6707
6764, 6749
6765, 6704
6778, 6835
6781, 6868
6787, 6808
6799, 6818
6799, 6833
6800, 6825
6808, 6787
6817, 6839
6818, 6799
6818, 6833
6819, 6830
6822, 6859
6825, 6800
6830, 6819
6833, 6799
6833, 6818
6835, 6778
6839, 6817
6859, 6822
6868, 6781
6871, 6917
6880, 6889
6889, 6880
6900, 6934
6916, 6931
6917, 6871
6924, 6955
6927, 6960
6931, 6916
6934, 6900
6955, 6924
6960, 6927
6970, 6991
6979, 7064
6991, 6970
6996, 7011
6996, 7041
6996, 7052
7001, 7035
7003, 7004
7004, 7003
7007, 7049
7011, 6996
7011, 7041
7017, 7026
7022, 7033
7025, 7028
7026, 7017
7028, 7025
7032, 7039
7033, 7022
7035, 7001
7039, 7032
7040, 7045
7041, 6996
7041, 7011
7045, 7040
7049, 7007
7052, 6996
7064, 6979
7073, 7134
7080, 7091
7091, 7080
7096, 7121
7102, 7136
7103, 7133
7108, 7162
7121, 7096
7133, 7103
7134, 7073
7136, 7102
7138, 7146
7146, 7138
7162, 7108
7195, 7232
7196, 7203
7203, 7196
7203, 7237
7218, 7248
7232, 7195
7237, 7203
7248, 7218
7286, 7336
7286, 7349
7292, 7309
7293, 7332
7304, 7338
7309, 7292
7316, 7325
7321, 7324
7324, 7321
7325, 7316
7332, 7293
7336, 7286
7338, 7304
7349, 7286
7377, 7465
7390, 7445
7394, 7395
7395, 7394
7403, 7467
7405, 7439
7407, 7430
7414, 7448
7418, 7438
7422, 7433
7428, 7437
7430, 7407
7433, 7422
7437, 7428
7438, 7418
7439, 7405
7445, 7390
7448, 7414
7449, 7474
7462, 7463
7463, 7462
7465, 7377
7467, 7403
7474, 7449
7482, 7495
7494, 7499
7495, 7482
7499, 7494
7506, 7540
7522, 7525
7525, 7522
7537, 7547
7537, 7569
7540, 7506
7547, 7537
7547, 7569
7569, 7537
7569, 7547
7576, 7584
7584, 7576
7588, 7596
7591, 7638
7592, 7598
7596, 7588
7598, 7592
7603, 7648
7603, 7649
7607, 7641
7638, 7591
7641, 7607
7648, 7603
7648, 7649
7649, 7603
7649, 7648
7677, 7740
7686, 7693
7693, 7686
7695, 7751
7698, 7748
7701, 7771
7704, 7771
7707, 7755
7708, 7742
7709, 7723
7719, 7722
7722, 7719
7723, 7709
7725, 7743
7729, 7750
7737, 7759
7740, 7677
7742, 7708
7743, 7725
7748, 7698
7750, 7729
7751, 7695
7755, 7707
7759, 7737
7771, 7701
7771, 7704
7788, 7850
7789, 7808
7798, 7830
7808, 7789
7809, 7843
7826, 7870
7830, 7798
7834, 7872
7843, 7809
7850, 7788
7870, 7826
7872, 7834
7879, 7900
7888, 7893
7893, 7888
7898, 7931
7900, 7879
7908, 7941
7910, 7929
7910, 7944
7912, 7922
7919, 7921
7921, 7919
7922, 7912
7929, 7910
7929, 7944
7931, 7898
7941, 7908
7944, 7910
7944, 7929
7948, 7971
7971, 7948
8005, 8036
8007, 8055
8011, 8045
8016, 8037
8024, 8041
8035, 8039
8036, 8005
8037, 8016
8039, 8035
8041, 8024
8045, 8011
8046, 8052
8052, 8046
8055, 8007
8092, 8118
8112, 8146
8113, 8148
8118, 8092
8122, 8129
8129, 8122
8131, 8137
8136, 8157
8137, 8131
8146, 8112
8148, 8113
8157, 8136
8182, 8197
8182, 8210
8188, 8198
8190, 8239
8196, 8230
8197, 8182
8198, 8188
8206, 8276
8210, 8182
8212, 8254
8213, 8232
8213, 8247
8218, 8257
8229, 8232
8229, 8238
8230, 8196
8232, 8213
8232, 8229
8232, 8238
8232, 8247
8235, 8236
8236, 8235
8236, 8260
8237, 8253
8238, 8229
8238, 8232
8239, 8190
8247, 8213
8247, 8232
8253, 8237
8254, 8212
8257, 8218
8260, 8236
8274, 8281
8276, 8206
8281, 8274
8291, 8327
8296, 8345
8314, 8348
8316, 8317
8317, 8316
8319, 8346
8319, 8361
8327, 8291
8330, 8333
8333, 8330
8345, 8296
8346, 8319
8346, 8361
8347, 8365
8348, 8314
8361, 8319
8361, 8346
8365, 8347
8413, 8433
8415, 8449
8418, 8421
8421, 8418
8424, 8444
8433, 8413
8444, 8424
8446, 8459
8449, 8415
8459, 8446
8489, 8577
8516, 8550
8525, 8562
8547, 8576
8550, 8516
8554, 8557
8557, 8554
8562, 8525
8576, 8547
8577, 8489
8594, 8599
8599, 8594
8605, 8628
8608, 8616
8608, 8632
8614, 8634
8616, 8608
8616, 8632
8617, 8651
8627, 8660
8628, 8605
8632, 8608
8632, 8616
8634, 8614
8651, 8617
8657, 8686
8660, 8627
8686, 8657
8695, 8783
8696, 8758
8711, 8737
8714, 8756
8718, 8752
8737, 8711
8752, 8718
8756, 8714
8758, 8696
8783, 8695
8788, 8833
8790, 8807
8790, 8847
8792, 8834
8795, 8859
8798, 8809
8799, 8854
8801, 8828
8806, 8822
8807, 8790
8807, 8847
8808, 8862
8809, 8798
8813, 8888
8816, 8850
8819, 8838
8819, 8853
8822, 8806
8827, 8849
8827, 8852
8828, 8801
8828, 8862
8829, 8832
8829, 8879
8832, 8829
8832, 8879
8833, 8788
8834, 8792
8835, 8851
8836, 8885
8838, 8819
8838, 8853
8840, 8870
8840, 8881
8845, 8885
8847, 8790
8847, 8807
8849, 8827
8849, 8856
8850, 8816
8851, 8835
8852, 8827
8853, 8819
8853, 8838
8854, 8799
8856, 8849
8857, 8887
8859, 8795
8862, 8808
8862, 8828
8870, 8840
8870, 8881
8879, 8829
8879, 8832
8881, 8840
8881, 8870
8885, 8836
8885, 8845
8887, 8857
8888, 8813
8897, 8902
8902, 8897
8919, 8944
8920, 8954
8933, 8988
8944, 8919
8954, 8920
8988, 8933
8997, 9048
9008, 9031
9011, 9056
9012, 9018
9016, 9039
9018, 9012
9021, 9055
9030, 9035
9031, 9008
9035, 9030
9039, 9016
9048, 8997
9055, 9021
9056, 9011
9111, 9152
9111, 9183
9120, 9163
9122, 9156
9148, 9183
9152, 9111
9156, 9122
9163, 9120
9183, 9111
9183, 9148
9200, 9269
9217, 9248
9219, 9235
9223, 9257
9235, 9219
9236, 9265
9238, 9266
9248, 9217
9257, 9223
9265, 9236
9266, 9238
9269, 9200
9270, 9289
9289, 9270
9297, 9305
9305, 9297
9318, 9355
9324, 9358
9355, 9318
9356, 9367
9358, 9324
9367, 9356
9415, 9454
9415, 9487
9421, 9466
9423, 9453
9425, 9459
9441, 9451
9451, 9441
9453, 9423
9454, 9415
9459, 9425
9460, 9470
9466, 9421
9470, 9460
9487, 9415
9499, 9516
9499, 9573
9516, 9499
9516, 9573
9522, 9527
9524, 9541
9525, 9548
9526, 9560
9527, 9522
9533, 9534
9534, 9533
9540, 9567
9541, 9524
9545, 9551
9548, 9525
9551, 9545
9553, 9570
9555, 9559
9559, 9555
9560, 9526
9567, 9540
9570, 9553
9573, 9499
9573, 9516
9627, 9661
9637, 9693
9639, 9640
9640, 9639
9654, 9656
9656, 9654
9661, 9627
9672, 9687
9687, 9672
9693, 9637
9707, 9758
9723, 9726
9726, 9723
9728, 9762
9729, 9768
9733, 9771
9736, 9795
9758, 9707
9762, 9728
9764, 9772
9768, 9729
9771, 9733
9772, 9764
9795, 9736
9806, 9811
9811, 9806
9817, 9870
9828, 9895
9829, 9863
9833, 9869
9845, 9876
9854, 9867
9856, 9891
9863, 9829
9867, 9854
9869, 9833
9870, 9817
9876, 9845
9891, 9856
9895, 9828
9910, 9939
9923, 9993
9925, 9977
9930, 9964
9939, 9910
9939, 9958
9955, 9956
9956, 9955
9957, 9983
9958, 9939
9964, 9930
9977, 9925
9983, 9957
9993, 9923
10010, 10016
10016, 10010
10021, 10064
10027, 10051
10031, 10065
10048, 10099
10051, 10027
10064, 10021
10065, 10031
10099, 10048
10108, 10173
10132, 10166
10145, 10176
10166, 10132
10173, 10108
10176, 10145
10210, 10261
10224, 10259
10231, 10234
10233, 10267
10234, 10231
10258, 10275
10259, 10224
10261, 10210
10265, 10273
10267, 10233
10273, 10265
10275, 10258
10293, 10301
10301, 10293
10303, 10342
10330, 10337
10334, 10368
10335, 10355
10336, 10364
10337, 10330
10342, 10303
10355, 10335
10356, 10370
10360, 10372
10364, 10336
10368, 10334
10370, 10356
10372, 10360
10414, 10436
10435, 10469
10436, 10414
10469, 10435
10471, 10497
10497, 10471
10505, 10560
10507, 10596
10511, 10526
10511, 10559
10512, 10557
10526, 10511
10526, 10559
10536, 10555
10536, 10570
10542, 10557
10555, 10536
10555, 10570
10557, 10512
10557, 10542
10559, 10511
10559, 10526
10560, 10505
10570, 10536
10570, 10555
10574, 10604
10596, 10507
10604, 10574
10612, 10703
10637, 10671
10646, 10654
10653, 10678
10654, 10646
10655, 10665
10657, 10666
10658, 10679
10662, 10663
10663, 10662
10665, 10655
10666, 10657
10671, 10637
10678, 10653
10679, 10658
10703, 10612
10723, 10735
10726, 10778
10735, 10723
10738, 10772
10772, 10738
10778, 10726
10808, 10886
10820, 10861
10828, 10880
10829, 10899
10833, 10864
10839, 10873
10852, 10890
10859, 10867
10860, 10907
10861, 10820
10864, 10833
10867, 10859
10873, 10839
10880, 10828
10886, 10808
10890, 10852
10899, 10829
10907, 10860
10915, 10976
10922, 10978
10935, 10975
10937, 11001
10940, 10959
10940, 10974
10953, 10954
10953, 10956
10954, 10953
10954, 10956
10956, 10953
10956, 10954
10959, 10940
10959, 10974
10974, 10940
10974, 10959
10975, 10935
10976, 10915
10978, 10922
10981, 11008
11001, 10937
11008, 10981
11010, 11101
11021, 11083
11030, 11033
11031, 11042
11032, 11061
11032, 11068
11032, 11069
11032, 11076
11033, 11030
11034, 11041
11034, 11075
11035, 11060
11039, 11051
11040, 11084
11041, 11034
11041, 11075
11042, 11031
11046, 11109
11051, 11039
11060, 11035
11061, 11032
11061, 11076
11068, 11032
11068, 11069
11069, 11032
11069, 11068
11075, 11034
11075, 11041
11076, 11032
11076, 11061
11083, 11021
11084, 11040
11101, 11010
11109, 11046
11138, 11140
11140, 11138
11147, 11203
11169, 11185
11185, 11169
11186, 11210
11191, 11198
11198, 11191
11203, 11147
11210, 11186
11222, 11233
11233, 11222
11234, 11312
11238, 11280
11243, 11277
11258, 11289
11271, 11272
11272, 11271
11277, 11243
11280, 11238
11289, 11258
11312, 11234
11319, 11333
11333, 11319
11339, 11345
11343, 11358
11344, 11378
11345, 11339
11355, 11395
11358, 11343
11358, 11386
11378, 11344
11386, 11358
11395, 11355
11414, 11424
11424, 11414
11429, 11436
11435, 11455
11435, 11491
11436, 11429
11445, 11479
11448, 11460
11450, 11473
11452, 11510
11454, 11512
11455, 11435
11460, 11448
11460, 11480
11473, 11450
11479, 11445
11480, 11460
11482, 11507
11485, 11511
11491, 11435
11507, 11482
11510, 11452
11511, 11485
11512, 11454
11535, 11582
11546, 11580
11550, 11615
11567, 11581
11580, 11546
11581, 11567
11582, 11535
11615, 11550
11622, 11638
11626, 11637
11627, 11661
11635, 11684
11637, 11626
11638, 11622
11639, 11712
11640, 11688
11644, 11672
11647, 11666
11647, 11681
11650, 11656
11656, 11650
11661, 11627
11664, 11716
11665, 11670
11666, 11647
11666, 11681
11667, 11673
11668, 11682
11668, 11687
11670, 11665
11672, 11644
11673, 11667
11681, 11647
11681, 11666
11682, 11668
11682, 11687
11684, 11635
11687, 11668
11687, 11682
11688, 11640
11712, 11639
11716, 11664
11719, 11738
11727, 11760
11728, 11762
11730, 11781
11730, 11809
11737, 11744
11738, 11719
11744, 11737
11748, 11782
11759, 11799
11760, 11727
11762, 11728
11773, 11816
11779, 11786
11781, 11730
11782, 11748
11786, 11779
11791, 11814
11799, 11759
11809, 11730
11814, 11791
11816, 11773
11826, 11878
11826, 11912
11829, 11900
11832, 11868
11840, 11853
11842, 11880
11843, 11875
11849, 11883
11853, 11840
11865, 11890
11866, 11889
11868, 11832
11874, 11875
11875, 11843
11875, 11874
11877, 11918
11878, 11826
11878, 11912
11880, 11842
11883, 11849
11889, 11866
11890, 11865
11900, 11829
11912, 11826
11912, 11878
11918, 11877
11923, 11982
11928, 11985
11931, 11953
11931, 12019
11938, 12018
11950, 11984
11953, 11931
11953, 12019
11956, 11970
11962, 11967
11967, 11962
11970, 11956
11971, 11977
11977, 11971
11982, 11923
11984, 11950
11985, 11928
11986, 11993
11993, 11986
12018, 11938
12019, 11931
12019, 11953
12050, 12092
12051, 12085
12060, 12087
12064, 12068
12068, 12064
12071, 12080
12074, 12112
12080, 12071
12085, 12051
12087, 12060
12092, 12050
12112, 12074
12152, 12186
12171, 12177
12177, 12171
12186, 12152
12230, 12300
12231, 12244
12237, 12269
12244, 12231
12245, 12253
12246, 12247
12246, 12272
12246, 12287
12247, 12246
12247, 12272
12247, 12287
12249, 12322
12253, 12245
12254, 12304
12263, 12282
12269, 12237
12272, 12246
12272, 12247
12272, 12287
12278, 12294
12282, 12263
12287, 12246
12287, 12247
12287, 12272
12294, 12278
12300, 12230
12304, 12254
12322, 12249
12327, 12422
12331, 12405
12332, 12367
12336, 12381
12343, 12382
12345, 12352
12348, 12385
12352, 12345
12354, 12388
12366, 12421
12367, 12332
12381, 12336
12382, 12343
12383, 12401
12385, 12348
12387, 12414
12388, 12354
12401, 12383
12405, 12331
12414, 12387
12421, 12366
12422, 12327
12435, 12464
12439, 12451
12448, 12523
12451, 12439
12455, 12489
12457, 12486
12464, 12435
12481, 12497
12486, 12457
12489, 12455
12497, 12481
12523, 12448
12532, 12567
12553, 12595
12556, 12590
12567, 12532
12575, 12624
12584, 12594
12590, 12556
12594, 12584
12595, 12553
12604, 12623
12623, 12604
12624, 12575
12630, 12656
12636, 12690
12639, 12685
12640, 12722
12641, 12702
12647, 12686
12656, 12630
12657, 12682
12660, 12680
12670, 12678
12670, 12718
12675, 12688
12675, 12708
12675, 12723
12676, 12691
12677, 12692
12677, 12700
12678, 12670
12678, 12718
12680, 12660
12682, 12657
12685, 12639
12686, 12647
12688, 12675
12688, 12708
12688, 12723
12690, 12636
12690, 12704
12691, 12676
12692, 12677
12700, 12677
12702, 12641
12703, 12726
12704, 12690
12708, 12675
12708, 12688
12708, 12723
12718, 12670
12718, 12678
12722, 12640
12723, 12675
12723, 12688
12723, 12708
12726, 12703
12746, 12754
12754, 12746
12828, 12887
12830, 12842
12838, 12844
12842, 12830
12844, 12838
12845, 12865
12847, 12890
12848, 12879
12848, 12925
12849, 12877
12858, 12862
12859, 12893
12862, 12858
12865, 12845
12877, 12849
12878, 12895
12879, 12848
12879, 12925
12887, 12828
12887, 12906
12889, 12899
12890, 12847
12890, 12922
12893, 12859
12895, 12878
12899, 12889
12906, 12887
12922, 12890
12925, 12848
12925, 12879
12929, 13006
12942, 12973
12945, 12980
12946, 12952
12952, 12946
12960, 12994
12970, 12996
12973, 12942
12974, 13011
12976, 12978
12978, 12976
12980, 12945
12986, 13021
12994, 12960
12996, 12970
13006, 12929
13011, 12974
13021, 12986
13032, 13042
13039, 13104
13039, 13122
13042, 13032
13061, 13095
13095, 13061
13101, 13127
13104, 13039
13104, 13122
13105, 13124
13122, 13039
13122, 13104
13124, 13105
13127, 13101
13131, 13195
13133, 13175
13141, 13193
13156, 13203
13162, 13196
13163, 13182
13175, 13133
13175, 13200
13182, 13163
13191, 13207
13193, 13141
13195, 13131
13196, 13162
13200, 13175
13203, 13156
13207, 13191
13213, 13231
13231, 13213
13234, 13261
13236, 13283
13245, 13268
13245, 13305
13246, 13281
13248, 13252
13250, 13272
13250, 13309
13252, 13248
13256, 13263
13256, 13282
13256, 13297
13260, 13331
13261, 13234
13263, 13256
13263, 13282
13263, 13297
13264, 13289
13266, 13324
13268, 13245
13268, 13305
13269, 13314
13272, 13250
13276, 13301
13277, 13329
13278, 13310
13281, 13246
13282, 13256
13282, 13263
13282, 13297
13283, 13236
13289, 13264
13290, 13291
13291, 13290
13297, 13256
13297, 13263
13297, 13282
13301, 13276
13305, 13245
13305, 13268
13309, 13250
13310, 13278
13314, 13269
13324, 13266
13329, 13277
13331, 13260
13337, 13402
13339, 13346
13339, 13433
13340, 13372
13343, 13350
13344, 13409
13346, 13339
13346, 13433
13348, 13357
13350, 13343
13354, 13411
13357, 13348
13358, 13391
13360, 13427
13363, 13379
13364, 13398
13368, 13387
13369, 13394
13372, 13340
13374, 13376
13374, 13396
13376, 13374
13376, 13396
13378, 13397
13379, 13363
13380, 13395
13383, 13427
13387, 13368
13389, 13406
13390, 13432
13391, 13358
13394, 13369
13395, 13380
13396, 13374
13396, 13376
13397, 13378
13398, 13364
13402, 13337
13406, 13389
13409, 13344
13411, 13354
13427, 13360
13427, 13383
13432, 13390
13433, 13339
13433, 13346
13442, 13479
13444, 13501
13445, 13486
13447, 13496
13448, 13525
13458, 13466
13458, 13475
13460, 13525
13464, 13481
13465, 13499
13466, 13458
13466, 13475
13469, 13485
13469, 13493
13475, 13458
13475, 13466
13478, 13497
13479, 13442
13481, 13464
13485, 13469
13485, 13493
13486, 13445
13493, 13469
13493, 13485
13496, 13447
13497, 13478
13499, 13465
13501, 13444
13525, 13448
13525, 13460
13539, 13561
13556, 13606
13561, 13539
13566, 13585
13566, 13600
13581, 13632
13585, 13566
13600, 13566
13606, 13556
13632, 13581
13638, 13643
13643, 13638
13645, 13679
13647, 13682
13658, 13663
13663, 13658
13666, 13718
13667, 13701
13669, 13680
13672, 13683
13676, 13696
13679, 13645
13680, 13669
13682, 13647
13683, 13672
13685, 13688
13688, 13685
13696, 13676
13697, 13708
13701, 13667
13708, 13697
13718, 13666
13744, 13801
13768, 13802
13801, 13744
13802, 13768
13845, 13854
13846, 13895
13849, 13886
13854, 13845
13869, 13903
13871, 13885
13885, 13871
13886, 13849
13895, 13846
13903, 13869
13905, 13935
13935, 13905
13951, 13965
13952, 13982
13955, 14031
13965, 13951
13970, 13989
13970, 14004
13979, 13980
13980, 13979
13982, 13952
13986, 14016
13987, 13988
13988, 13987
13989, 13970
13989, 14004
13993, 14021
14004, 13970
14004, 13989
14012, 14037
14016, 13986
14021, 13993
14031, 13955
14037, 14012
14040, 14133
14053, 14106
14055, 14102
14059, 14062
14062, 14059
14067, 14086
14068, 14081
14071, 14105
14074, 14103
14075, 14115
14081, 14068
14086, 14067
14088, 14109
14097, 14104
14102, 14055
14103, 14074
14104, 14097
14105, 14071
14106, 14053
14109, 14088
14114, 14132
14115, 14075
14132, 14114
14133, 14040
14155, 14177
14156, 14168
14168, 14156
14172, 14191
14172, 14206
14177, 14155
14191, 14172
14191, 14206
14206, 14172
14206, 14191
14248, 14287
14249, 14279
14255, 14318
14257, 14286
14273, 14307
14279, 14249
14286, 14257
14287, 14248
14293, 14339
14293, 14340
14305, 14320
14307, 14273
14318, 14255
14320, 14305
14339, 14293
14340, 14293
14374, 14393
14374, 14408
14393, 14374
14393, 14408
14395, 14397
14397, 14395
14408, 14374
14408, 14393
14452, 14507
14465, 14481
14466, 14469
14469, 14466
14475, 14494
14475, 14509
14478, 14487
14481, 14465
14487, 14478
14494, 14475
14501, 14517
14507, 14452
14509, 14475
14517, 14501
14558, 14596
14570, 14644
14576, 14610
14589, 14629
14596, 14558
14597, 14645
14610, 14576
14618, 14641
14629, 14589
14641, 14618
14644, 14570
14645, 14597
14650, 14667
14652, 14695
14667, 14650
14669, 14698
14671, 14693
14682, 14720
14689, 14694
14689, 14722
14693, 14671
14694, 14689
14694, 14722
14695, 14652
14698, 14669
14720, 14682
14722, 14689
14722, 14694
14753, 14818
14754, 14782
14778, 14812
14779, 14811
14782, 14754
14805, 14822
14807, 14841
14811, 14779
14812, 14778
14818, 14753
14822, 14805
14841, 14807
14863, 14892
14868, 14869
14869, 14868
14870, 14904
14879, 14898
14879, 14913
14890, 14919
14892, 14863
14898, 14879
14898, 14913
14904, 14870
14913, 14879
14913, 14898
14919, 14890
14919, 14924
14924, 14919
14951, 14965
14960, 15000
14960, 15003
14962, 14969
14965, 14951
14969, 14962
14972, 15049
14980, 15014
14981, 15008
14995, 15046
14996, 15021
15000, 14960
15000, 15003
15003, 14960
15003, 15000
15008, 14981
15014, 14980
15020, 15023
15021, 14996
15023, 15020
15024, 15047
15040, 15042
15042, 15040
15046, 14995
15047, 15024
15049, 14972
15056, 15126
15067, 15073
15073, 15067
15081, 15115
15083, 15094
15083, 15144
15094, 15083
15094, 15144
15115, 15081
15126, 15056
15144, 15083
15144, 15094
15163, 15164
15164, 15163
15175, 15176
15176, 15175
15180, 15183
15182, 15216
15183, 15180
15205, 15214
15214, 15205
15216, 15182
15260, 15286
15281, 15345
15283, 15317
15286, 15260
15295, 15306
15306, 15295
15317, 15283
15334, 15344
15344, 15334
15345, 15281
15353, 15435
15355, 15369
15362, 15397
15366, 15408
15369, 15355
15384, 15418
15397, 15362
15408, 15366
15418, 15384
15435, 15353
15468, 15481
15468, 15510
15476, 15483
15480, 15530
15480, 15551
15481, 15468
15481, 15510
15483, 15476
15486, 15487
15487, 15486
15487, 15501
15489, 15536
15500, 15554
15501, 15487
15504, 15519
15504, 15548
15510, 15468
15510, 15481
15511, 15516
15511, 15525
15516, 15511
15516, 15525
15519, 15504
15519, 15548
15525, 15511
15525, 15516
15530, 15480
15530, 15551
15536, 15489
15548, 15504
15548, 15519
15551, 15480
15551, 15530
15554, 15500
15564, 15565
15565, 15564
15568, 15587
15570, 15591
15581, 15614
15584, 15596
15586, 15620
15587, 15568
15591, 15570
15592, 15629
15595, 15613
15596, 15584
15612, 15631
15613, 15595
15614, 15581
15620, 15586
15629, 15592
15631, 15612
15660, 15704
15671, 15712
15691, 15750
15697, 15715
15704, 15660
15712, 15671
15715, 15697
15750, 15691
15767, 15834
15775, 15813
15775, 15854
15776, 15781
15781, 15776
15787, 15811
15788, 15822
15791, 15810
15810, 15791
15811, 15787
15813, 15775
15822, 15788
15834, 15767
15854, 15775
15883, 15885
15885, 15883
15889, 15923
15893, 15936
15901, 15918
15905, 15955
15918, 15901
15923, 15889
15936, 15893
15955, 15905
15988, 15995
15990, 16024
15993, 15999
15995, 15988
15996, 16020
15999, 15993
16005, 16025
16010, 16036
16016, 16033
16020, 15996
16024, 15990
16025, 16005
16033, 16016
16036, 16010
16086, 16134
16091, 16125
16125, 16091
16134, 16086
16173, 16202
16192, 16226
16202, 16173
16213, 16240
16214, 16250
16226, 16192
16240, 16213
16250, 16214
16269, 16270
16270, 16269
16284, 16286
16285, 16316
16286, 16284
16293, 16327
16303, 16311
16303, 16337
16311, 16303
16311, 16337
16316, 16285
16318, 16356
16327, 16293
16331, 16340
16337, 16303
16337, 16311
16340, 16331
16356, 16318
16376, 16441
16376, 16455
16378, 16387
16387, 16378
16393, 16406
16394, 16428
16395, 16414
16395, 16437
16399, 16425
16406, 16393
16408, 16462
16412, 16418
16414, 16395
16418, 16412
16425, 16399
16428, 16394
16429, 16462
16437, 16395
16441, 16376
16441, 16455
16455, 16376
16455, 16441
16462, 16408
16462, 16429
16475, 16508
16478, 16558
16479, 16492
16483, 16555
16486, 16524
16489, 16491
16491, 16489
16492, 16479
16493, 16533
16493, 16556
16495, 16514
16495, 16529
16506, 16522
16508, 16475
16509, 16557
16514, 16495
16514, 16529
16522, 16506
16524, 16486
16526, 16536
16527, 16539
16529, 16495
16529, 16514
16533, 16493
16533, 16556
16536, 16526
16539, 16527
16555, 16483
16556, 16493
16556, 16533
16557, 16509
16558, 16478
16569, 16638
16575, 16616
16578, 16598
16579, 16628
16591, 16619
16596, 16630
16598, 16578
16608, 16639
16610, 16665
16616, 16575
16619, 16591
16628, 16579
16630, 16596
16638, 16569
16639, 16608
16665, 16610
16676, 16712
16681, 16688
16681, 16713
16684, 16720
16685, 16735
16686, 16758
16688, 16681
16688, 16713
16691, 16723
16697, 16731
16698, 16699
16699, 16698
16704, 16736
16706, 16733
16709, 16748
16712, 16676
16713, 16681
16713, 16688
16720, 16684
16723, 16691
16731, 16697
16733, 16706
16735, 16685
16736, 16704
16738, 16748
16743, 16744
16744, 16743
16748, 16709
16748, 16738
16758, 16686
16779, 16821
16780, 16793
16782, 16840
16793, 16780
16796, 16866
16798, 16832
16800, 16814
16810, 16815
16814, 16800
16815, 16810
16821, 16779
16832, 16798
16840, 16782
16866, 16796
16893, 16898
16898, 16893
16899, 16933
16915, 16946
16931, 16941
16933, 16899
16941, 16931
16946, 16915
16972, 17036
16975, 17008
16982, 17047
16983, 16988
16988, 16983
16993, 17025
16996, 17032
17000, 17034
17003, 17060
17008, 16975
17018, 17044
17020, 17062
17025, 16993
17025, 17069
17026, 17038
17032, 16996
17034, 17000
17036, 16972
17038, 17026
17044, 17018
17047, 16982
17060, 17003
17062, 17020
17069, 17025
17070, 17141
17079, 17167
17083, 17144
17084, 17094
17085, 17137
17094, 17084
17095, 17108
17099, 17116
17100, 17142
17101, 17135
17107, 17164
17108, 17095
17116, 17099
17122, 17130
17130, 17122
17135, 17101
17137, 17085
17141, 17070
17142, 17100
17144, 17083
17161, 17164
17164, 17107
17164, 17161
17167, 17079
17173, 17193
17177, 17192
17180, 17239
17182, 17205
17182, 17235
17185, 17270
17192, 17177
17193, 17173
17200, 17242
17202, 17236
17204, 17219
17205, 17182
17205, 17235
17219, 17204
17228, 17240
17235, 17182
17235, 17205
17236, 17202
17239, 17180
17240, 17228
17242, 17200
17270, 17185
17276, 17366
17278, 17317
17281, 17300
17281, 17348
17283, 17335
17292, 17369
17300, 17281
17300, 17348
17303, 17337
17308, 17329
17309, 17363
17317, 17278
17322, 17334
17322, 17344
17329, 17308
17334, 17322
17334, 17344
17335, 17283
17337, 17303
17344, 17322
17344, 17334
17348, 17281
17348, 17300
17363, 17309
17366, 17276
17369, 17292
17383, 17437
17403, 17446
17404, 17438
17430, 17470
17437, 17383
17438, 17404
17446, 17403
17470, 17430
17477, 17488
17484, 17534
17488, 17477
17493, 17536
17505, 17539
17509, 17556
17534, 17484
17536, 17493
17539, 17505
17556, 17509
17585, 17590
17586, 17608
17587, 17617
17590, 17585
17596, 17653
17603, 17638
17606, 17640
17608, 17586
17617, 17587
17638, 17603
17640, 17606
17646, 17674
17653, 17596
17674, 17646
17688, 17721
17697, 17714
17707, 17741
17714, 17697
17720, 17754
17721, 17688
17733, 17749
17741, 17707
17749, 17733
17754, 17720
17779, 17811
17808, 17842
17811, 17779
17841, 17870
17842, 17808
17870, 17841
17891, 17977
17898, 17923
17909, 17943
17921, 17941
17923, 17898
17923, 17942
17937, 17956
17941, 17921
17942, 17923
17943, 17909
17951, 17960
17952, 17975
17955, 17978
17956, 17937
17960, 17951
17975, 17952
17977, 17891
17978, 17955
17985, 18053
18001, 18061
18008, 18052
18010, 18044
18012, 18014
18014, 18012
18020, 18056
18028, 18033
18033, 18028
18033, 18050
18039, 18055
18044, 18010
18050, 18033
18052, 18008
18053, 17985
18055, 18039
18056, 18020
18061, 18001
18111, 18145
18116, 18142
18121, 18177
18124, 18130
18130, 18124
18131, 18147
18131, 18172
18142, 18116
18145, 18111
18147, 18131
18172, 18131
18172, 18177
18177, 18121
18177, 18172
18185, 18240
18191, 18195
18191, 18233
18194, 18224
18195, 18191
18201, 18281
18203, 18214
18203, 18257
18203, 18263
18206, 18280
18212, 18246
18214, 18203
18214, 18263
18217, 18243
18223, 18272
18224, 18194
18233, 18191
18238, 18250
18239, 18274
18240, 18185
18243, 18217
18246, 18212
18250, 18238
18257, 18203
18259, 18278
18263, 18203
18263, 18214
18272, 18223
18274, 18239
18278, 18259
18280, 18206
18281, 18201
18298, 18341
18300, 18315
18313, 18347
18315, 18300
18324, 18355
18328, 18346
18328, 18349
18341, 18298
18343, 18364
18346, 18328
18346, 18349
18347, 18313
18349, 18328
18349, 18346
18355, 18324
18364, 18343
18393, 18459
18394, 18395
18395, 18394
18414, 18448
18448, 18414
18459, 18393
18515, 18549
18549, 18515
18604, 18677
18611, 18646
18616, 18650
18620, 18645
18637, 18643
18643, 18637
18643, 18676
18645, 18620
18646, 18611
18650, 18616
18676, 18643
18677, 18604
18694, 18778
18696, 18734
18702, 18713
18705, 18758
18707, 18761
18708, 18737
18710, 18711
18711, 18710
18713, 18702
18717, 18736
18717, 18751
18718, 18730
18726, 18732
18730, 18718
18732, 18726
18734, 18696
18736, 18717
18736, 18751
18737, 18708
18747, 18752
18748, 18755
18751, 18717
18751, 18736
18752, 18747
18755, 18748
18758, 18705
18761, 18707
18778, 18694
18794, 18820
18818, 18852
18819, 18829
18820, 18794
18829, 18819
18830, 18846
18846, 18830
18852, 18818
18862, 18884
18884, 18862
18890, 18962
18897, 18960
18897, 18970
18901, 18982
18915, 18966
18919, 18953
18929, 18970
18933, 18954
18950, 18980
18953, 18919
18954, 18933
18960, 18897
18962, 18890
18963, 18986
18966, 18915
18970, 18897
18970, 18929
18980, 18950
18982, 18901
18986, 18963
18991, 19089
19015, 19088
19020, 19054
19054, 19020
19078, 19087
19087, 19078
19088, 19015
19089, 18991
19094, 19123
19094, 19133
19094, 19189
19096, 19103
19099, 19110
19103, 19096
19103, 19149
19106, 19126
19110, 19099
19121, 19155
19123, 19094
19123, 19133
19123, 19189
19126, 19106
19132, 19138
19133, 19094
19133, 19123
19133, 19189
19134, 19147
19135, 19165
19138, 19132
19138, 19163
19147, 19134
19149, 19103
19155, 19121
19163, 19138
19165, 19135
19181, 19182
19182, 19181
19189, 19094
19189, 19123
19189, 19133
19197, 19231
19207, 19220
19208, 19249
19220, 19207
19222, 19256
19231, 19197
19240, 19251
19249, 19208
19251, 19240
19256, 19222
19299, 19345
19313, 19374
19323, 19357
19325, 19334
19332, 19335
19332, 19365
19334, 19325
19335, 19332
19335, 19365
19337, 19392
19345, 19299
19346, 19353
19353, 19346
19357, 19323
19365, 19332
19365, 19335
19374, 19313
19392, 19337
19396, 19460
19399, 19459
19405, 19486
19408, 19455
19418, 19449
19423, 19454
19424, 19458
19437, 19471
19440, 19462
19448, 19470
19449, 19418
19454, 19423
19455, 19408
19458, 19424
19459, 19399
19460, 19396
19462, 19440
19470, 19448
19471, 19437
19486, 19405
19494, 19506
19503, 19519
19505, 19514
19506, 19494
19514, 19505
19515, 19543
19517, 19591
19519, 19503
19525, 19559
19530, 19594
19539, 19570
19543, 19515
19559, 19525
19570, 19539
19573, 19589
19589, 19573
19591, 19517
19594, 19530
19599, 19640
19606, 19648
19609, 19671
19611, 19637
19619, 19642
19626, 19660
19630, 19654
19631, 19638
19637, 19611
19638, 19631
19640, 19599
19641, 19672
19642, 19619
19643, 19653
19648, 19606
19652, 19667
19653, 19643
19654, 19630
19657, 19686
19660, 19626
19667, 19652
19671, 19609
19672, 19641
19686, 19657
19696, 19744
19715, 19743
19720, 19746
19727, 19746
19727, 19761
19730, 19772
19743, 19715
19744, 19696
19746, 19720
19746, 19727
19746, 19761
19761, 19727
19761, 19746
19762, 19763
19762, 19766
19763, 19762
19763, 19766
19766, 19762
19766, 19763
19772, 19730
19799, 19801
19799, 19875
19801, 19799
19801, 19875
19805, 19839
19807, 19857
19807, 19858
19811, 19844
19811, 19896
19812, 19869
19820, 19894
19828, 19862
19836, 19864
19839, 19805
19840, 19879
19844, 19811
19848, 19868
19857, 19807
19857, 19858
19858, 19807
19858, 19857
19862, 19828
19864, 19836
19866, 19869
19868, 19848
19869, 19812
19869, 19866
19875, 19799
19875, 19801
19879, 19840
19894, 19820
19896, 19811
19900, 19942
19902, 19976
19914, 19991
19929, 19963
19942, 19900
19946, 19961
19961, 19946
19963, 19929
19976, 19902
19991, 19914
20024, 20026
20026, 20024
20026, 20046
20030, 20064
20032, 20040
20040, 20032
20046, 20026
20050, 20097
20061, 20072
20064, 20030
20072, 20061
20077, 20096
20096, 20077
20097, 20050
20102, 20146
20112, 20173
20115, 20142
20131, 20165
20134, 20152
20142, 20115
20146, 20102
20152, 20134
20165, 20131
20173, 20112
20192, 20193
20193, 20192
20207, 20230
20211, 20293
20214, 20268
20220, 20275
20221, 20246
20223, 20226
20224, 20240
20224, 20252
20226, 20223
20230, 20207
20233, 20265
20233, 20277
20235, 20250
20236, 20241
20240, 20224
20240, 20252
20241, 20236
20242, 20247
20246, 20221
20247, 20242
20250, 20235
20252, 20224
20252, 20240
20265, 20233
20265, 20277
20268, 20214
20275, 20220
20277, 20233
20277, 20265
20293, 20211
20313, 20399
20314, 20335
20314, 20361
20322, 20402
20332, 20362
20333, 20367
20335, 20314
20335, 20361
20350, 20380
20361, 20314
20361, 20335
20362, 20332
20367, 20333
20379, 20393
20380, 20350
20393, 20379
20399, 20313
20402, 20322
20411, 20466
20413, 20438
20416, 20503
20420, 20485
20429, 20454
20434, 20453
20434, 20468
20438, 20413
20443, 20463
20447, 20450
20450, 20447
20453, 20434
20453, 20468
20454, 20429
20463, 20443
20466, 20411
20468, 20434
20468, 20453
20485, 20420
20503, 20416
20505, 20587
20535, 20569
20556, 20598
20569, 20535
20582, 20597
20587, 20505
20597, 20582
20598, 20556
20626, 20649
20626, 20699
20636, 20670
20647, 20681
20649, 20626
20670, 20636
20681, 20647
20699, 20626
20722, 20782
20727, 20746
20734, 20740
20737, 20771
20740, 20734
20746, 20727
20747, 20779
20771, 20737
20779, 20747
20782, 20722
20789, 20795
20795, 20789
20809, 20880
20813, 20904
20817, 20853
20817, 20856
20818, 20859
20819, 20858
20821, 20852
20822, 20823
20822, 20837
20823, 20822
20831, 20837
20834, 20854
20834, 20863
20837, 20822
20837, 20831
20838, 20872
20852, 20821
20853, 20817
20853, 20856
20854, 20834
20854, 20863
20856, 20817
20856, 20853
20857, 20882
20857, 20898
20858, 20819
20859, 20818
20859, 20878
20863, 20834
20863, 20854
20872, 20838
20878, 20859
20879, 20899
20880, 20809
20882, 20857
20882, 20898
20898, 20857
20898, 20882
20899, 20879
20900, 20907
20904, 20813
20907, 20900
20928, 20990
20938, 20940
20939, 20973
20940, 20938
20973, 20939
20990, 20928
21018, 21038
21024, 21052
21038, 21018
21040, 21074
21052, 21024
21056, 21061
21061, 21056
21074, 21040
21075, 21076
21075, 21083
21076, 21075
21083, 21075
21110, 21179
21118, 21209
21122, 21148
21126, 21153
21137, 21166
21137, 21182
21144, 21184
21148, 21122
21153, 21126
21155, 21210
21166, 21137
21179, 21110
21182, 21137
21184, 21144
21209, 21118
21210, 21155
21215, 21217
21217, 21215
21220, 21243
21220, 21269
21222, 21263
21225, 21288
21227, 21273
21227, 21285
21235, 21258
21235, 21305
21241, 21246
21242, 21276
21243, 21220
21243, 21269
21246, 21241
21258, 21235
21258, 21305
21263, 21222
21269, 21220
21269, 21243
21273, 21227
21273, 21285
21274, 21275
21275, 21274
21276, 21242
21284, 21310
21285, 21227
21285, 21273
21288, 21225
21305, 21235
21305, 21258
21310, 21284
21316, 21404
21321, 21327
21321, 21337
21324, 21405
21327, 21321
21327, 21337
21336, 21343
21336, 21377
21337, 21321
21337, 21327
21338, 21384
21343, 21336
21343, 21377
21355, 21374
21365, 21379
21374, 21355
21377, 21336
21377, 21343
21379, 21365
21384, 21338
21385, 21412
21404, 21316
21405, 21324
21412, 21385
21417, 21479
21426, 21448
21444, 21478
21448, 21426
21449, 21485
21454, 21507
21467, 21476
21476, 21467
21478, 21444
21479, 21417
21485, 21449
21507, 21454
21518, 21576
21528, 21611
21533, 21571
21535, 21608
21545, 21579
21550, 21614
21561, 21592
21571, 21533
21576, 21518
21579, 21545
21590, 21606
21591, 21606
21592, 21561
21605, 21613
21606, 21590
21606, 21591
21608, 21535
21611, 21528
21613, 21605
21614, 21550
21615, 21667
21621, 21650
21634, 21661
21646, 21680
21648, 21653
21650, 21621
21653, 21648
21661, 21634
21667, 21615
21680, 21646
21720, 21783
21735, 21773
21736, 21780
21741, 21751
21747, 21781
21751, 21741
21754, 21777
21756, 21761
21761, 21756
21768, 21779
21773, 21735
21777, 21754
21779, 21768
21780, 21736
21781, 21747
21782, 21787
21783, 21720
21787, 21782
21828, 21884
21830, 21845
21834, 21881
21837, 21860
21841, 21911
21845, 21830
21845, 21869
21848, 21882
21860, 21837
21869, 21845
21881, 21834
21882, 21848
21884, 21828
21891, 21917
21911, 21841
21917, 21891
21918, 21988
21920, 21929
21920, 21951
21925, 21962
21929, 21920
21929, 21951
21930, 22000
21931, 21977
21932, 21945
21934, 21952
21943, 21966
21945, 21932
21949, 21983
21951, 21920
21951, 21929
21952, 21934
21954, 21965
21962, 21925
21964, 21994
21965, 21954
21966, 21943
21977, 21931
21983, 21949
21987, 21989
21988, 21918
21989, 21987
21994, 21964
22000, 21930
22023, 22111
22026, 22077
22029, 22045
22029, 22064
22030, 22081
22037, 22049
22039, 22059
22040, 22085
22045, 22029
22049, 22037
22050, 22069
22050, 22084
22052, 22054
22054, 22052
22055, 22075
22059, 22039
22061, 22066
22064, 22029
22066, 22061
22066, 22092
22069, 22050
22069, 22084
22070, 22083
22073, 22080
22075, 22055
22077, 22026
22079, 22094
22080, 22073
22081, 22030
22083, 22070
22084, 22050
22084, 22069
22085, 22040
22092, 22066
22094, 22079
22111, 22023
22113, 22116
22113, 22118
22116, 22113
22116, 22118
22118, 22113
22118, 22116
22134, 22192
22138, 22163
22140, 22150
22150, 22140
22151, 22185
22152, 22172
22161, 22186
22163, 22138
22172, 22152
22185, 22151
22186, 22161
22192, 22134
22224, 22232
22225, 22297
22232, 22224
22233, 22275
22235, 22313
22250, 22285
22252, 22286
22253, 22298
22254, 22314
22275, 22233
22285, 22250
22286, 22252
22293, 22321
22297, 22225
22298, 22253
22313, 22235
22314, 22254
22321, 22293
22324, 22373
22324, 22400
22329, 22360
22330, 22415
22335, 22396
22346, 22347
22346, 22372
22347, 22346
22349, 22376
22351, 22379
22353, 22372
22353, 22387
22354, 22421
22356, 22386
22360, 22329
22361, 22393
22367, 22389
22370, 22416
22372, 22346
22372, 22353
22372, 22387
22373, 22324
22376, 22349
22379, 22351
22380, 22397
22386, 22356
22387, 22353
22387, 22372
22389, 22367
22393, 22361
22395, 22422
22396, 22335
22397, 22380
22400, 22324
22415, 22330
22416, 22370
22421, 22354
22422, 22395
22430, 22434
22431, 22497
22434, 22430
22436, 22496
22447, 22492
22454, 22488
22455, 22479
22458, 22499
22474, 22494
22479, 22455
22488, 22454
22492, 22447
22494, 22474
22496, 22436
22497, 22431
22499, 22458
22533, 22576
22533, 22623
22544, 22559
22544, 22585
22549, 22580
22552, 22565
22555, 22589
22559, 22544
22559, 22585
22564, 22591
22565, 22552
22574, 22581
22576, 22533
22576, 22623
22577, 22590
22580, 22549
22581, 22574
22581, 22593
22585, 22544
22585, 22559
22589, 22555
22590, 22577
22591, 22564
22593, 22581
22623, 22533
22623, 22576
22640, 22696
22641, 22667
22653, 22684
22655, 22718
22667, 22641
22669, 22699
22671, 22703
22682, 22719
22684, 22653
22696, 22640
22699, 22669
22703, 22671
22718, 22655
22719, 22682
22730, 22789
22737, 22746
22741, 22751
22746, 22737
22751, 22741
22752, 22790
22756, 22787
22757, 22791
22758, 22769
22767, 22817
22769, 22758
22775, 22784
22784, 22775
22786, 22808
22787, 22756
22789, 22730
22790, 22752
22791, 22757
22802, 22823
22808, 22786
22817, 22767
22823, 22802
